sample name :	CNTRL_005_s9_SNV
date of analysis :	24/06/2021
produced from code:	Watson_code_SSCS_calling: version 1.8
produced from function:	SSCS_calling_BAM_and_fastq
minimum family size required for SSCS consensus calling set to :	3
minimum proportion of identical nucleotides required at each base set to :	0.9
maximum proportion of Ns allowed :	1.0
minimum base quality set to:	20

total number of reads included in SSCS consensus calling:	76762000
total number of reads excluded due to non-common CIGAR:	519243
total number of SSCS consensus reads (read 1 and read 2 separate):	5730818
total number of unpaired SSCS reads:	49826
total number of SSCS pairs:	2840496

UMI_family_size	count (read 1 and read 2 separate)	fraction	
1	5636644	0.39481445665525716
2	2909229	0.20377474023917727
3	1668609	0.11687645267380235
4	906948	0.06352648523386827
5	491007	0.034392213153594205
6	284743	0.01994460761250629
7	183581	0.012858791998790196
8	139403	0.009764377473743742
9	118079	0.008270754056384635
10	106356	0.007449625406895757
11	99233	0.006950700270812053
12	94154	0.006594945565467516
13	90038	0.006306643465211932
14	86302	0.006044958176933297
15	82232	0.005759878111811763
16	78466	0.00549609149627179
17	75266	0.005271949921729062
18	72304	0.005064478876792949
19	68781	0.004817713012069813
20	65302	0.0045740290939966415
21	62116	0.004350868138842537
22	58628	0.004106553822590963
23	55219	0.0038677730014609127
24	53209	0.0037269840749512614
25	49609	0.003474824803590692
26	47731	0.003343281717030928
27	45124	0.0031606763780206494
28	42345	0.0029660234293786983
29	39992	0.0028012093278477483
30	37884	0.002653556065617726
31	35406	0.002479986433831201
32	33222	0.002327009809205789
33	31532	0.0022086350401504104
34	29807	0.0020878087226234706
35	27038	0.001893856216401966
36	25834	0.0018095229489802644
37	24096	0.001687786056306745
38	22449	0.0015724231896592845
39	21445	0.0015020987706465035
40	19463	0.001363271082914101
41	18089	0.0012670302943448171
42	17207	0.0012052512728614774
43	15809	0.001107329422483123
44	14483	0.00101445075753198
45	13816	0.00096773124808823
46	12873	0.0009016795278401696
47	11868	0.0008312850645853441
48	11214	0.0007854761302881739
49	10454	0.000732242506334276
50	9576	0.0006707436618191148
51	8866	0.0006210122499674469
52	8020	0.0005617548211977132
53	8033	0.000562665396344293
54	7177	0.0005027075251541131
55	6669	0.000467125050195455
56	6064	0.00042474828375847035
57	5477	0.0003836323136782886
58	5425	0.00037999001309196927
59	4778	0.00033467138848911136
60	4577	0.0003205924958381462
61	4339	0.00030392196623153084
62	3859	0.00027030073005012155
63	3680	0.0002577628107241377
64	3348	0.00023450812236532962
65	2898	0.00020298821344525843
66	2765	0.00019367232925332628
67	2515	0.00017616126874217563
68	2458	0.00017216874694563327
69	2187	0.00015318675735154596
70	2082	0.00014583211193686267
71	1828	0.00012804087445753362
72	1738	0.00012173689267351937
73	1662	0.00011641353027812958
74	1513	0.00010597693821348378
75	1421	9.953286794538034e-05
76	1303	9.126764738411723e-05
77	1225	8.580419650463822e-05
78	1120	7.844955108995495e-05
79	1050	7.354645414683276e-05
80	958	6.710238387872932e-05
81	906	6.346008329240999e-05
82	824	5.771645544475257e-05
83	789	5.5264906973191474e-05
84	662	4.636928823352694e-05
85	684	4.7910261558508204e-05
86	651	4.559880157103631e-05
87	599	4.195650098471698e-05
88	507	3.5512430716613534e-05
89	482	3.376132466549847e-05
90	504	3.5302297990479726e-05
91	437	3.0609333773491353e-05
92	408	2.8578050754197875e-05
93	396	2.773751984966264e-05
94	306	2.1433538065648406e-05
95	353	2.472561744174473e-05
96	336	2.3534865326986483e-05
97	281	1.968243201453334e-05
98	303	2.1223405339514598e-05
99	242	1.6950706574793837e-05
100	201	1.407889265096513e-05
101	241	1.6880662332749235e-05
102	201	1.407889265096513e-05
103	180	1.2607963568028474e-05
104	187	1.3098273262340692e-05
105	180	1.2607963568028474e-05
106	173	1.2117653873716256e-05
107	129	9.03570722375374e-06
108	141	9.876238128288972e-06
109	143	1.0016326612378177e-05
110	109	7.634822382861688e-06
111	115	8.055087835129303e-06
112	118	8.265220561263111e-06
113	103	7.214556930594071e-06
114	87	6.093849057880429e-06
115	86	6.023804815835827e-06
116	61	4.272698764720761e-06
117	80	5.60353936356821e-06
118	76	5.3233623953898e-06
119	57	3.99252179654235e-06
120	80	5.60353936356821e-06
121	61	4.272698764720761e-06
122	79	5.533495121523608e-06
123	57	3.99252179654235e-06
124	48	3.3621236181409263e-06
125	31	2.1713715033826816e-06
126	51	3.5722563442747344e-06
127	51	3.5722563442747344e-06
128	39	2.7317254397395026e-06
129	43	3.0119024079179134e-06
130	48	3.3621236181409263e-06
131	40	2.801769681784105e-06
132	31	2.1713715033826816e-06
133	41	2.8718139238287078e-06
134	29	2.0312830192934764e-06
135	28	1.961238777248874e-06
136	17	1.1907521147582447e-06
137	24	1.6810618090704631e-06
138	18	1.2607963568028475e-06
139	27	1.891194535204271e-06
140	16	1.120707872713642e-06
141	20	1.4008848408920526e-06
142	14	9.80619388624437e-07
143	5	3.5022121022301315e-07
144	12	8.405309045352316e-07
145	18	1.2607963568028475e-06
146	17	1.1907521147582447e-06
147	15	1.0506636306690395e-06
148	12	8.405309045352316e-07
149	10	7.004424204460263e-07
150	13	9.105751465798342e-07
151	6	4.202654522676158e-07
152	17	1.1907521147582447e-06
153	10	7.004424204460263e-07
154	7	4.903096943122185e-07
155	4	2.801769681784105e-07
156	3	2.101327261338079e-07
157	4	2.801769681784105e-07
158	4	2.801769681784105e-07
159	4	2.801769681784105e-07
160	8	5.60353936356821e-07
161	5	3.5022121022301315e-07
162	2	1.4008848408920526e-07
163	5	3.5022121022301315e-07
165	3	2.101327261338079e-07
166	1	7.004424204460263e-08
167	1	7.004424204460263e-08
168	1	7.004424204460263e-08
169	2	1.4008848408920526e-07
171	2	1.4008848408920526e-07
172	2	1.4008848408920526e-07
173	1	7.004424204460263e-08
174	2	1.4008848408920526e-07
177	4	2.801769681784105e-07
179	1	7.004424204460263e-08
183	1	7.004424204460263e-08
184	1	7.004424204460263e-08
185	1	7.004424204460263e-08
186	2	1.4008848408920526e-07
187	1	7.004424204460263e-08
188	1	7.004424204460263e-08
196	2	1.4008848408920526e-07
