sample name :	C92_048_s2_SNV
date of analysis :	23/09/2021
produced from code:	Watson_code_SSCS_calling: version 2.1
produced from function:	SSCS_calling_BAM
minimum family size required for SSCS consensus calling set to :	3
minimum proportion of identical nucleotides required at each base set to :	0.9
maximum proportion of Ns allowed :	1.0
minimum base quality set to:	20

total number of reads included in SSCS consensus calling:	123547757
total number of reads excluded due to non-common CIGAR:	950212
total number of SSCS consensus reads (read 1 and read 2 separate):	6297742
total number of unpaired SSCS reads:	47960
total number of SSCS pairs:	3124891

UMI_family_size	count (read 1 and read 2 separate)	fraction	
1	2624834	0.2753322473892394
2	610757	0.0640654218204693
3	566901	0.059465141939340625
4	595877	0.06250458260505534
5	595804	0.06249692526213026
6	553633	0.05807339363892985
7	481733	0.05053143533326697
8	394499	0.04138101543290264
9	306830	0.0321849661603135
10	232441	0.024381923929437898
11	173872	0.018238322316025256
12	129975	0.013633741735445515
13	101950	0.010694056317973996
14	81884	0.008589231069553534
15	69379	0.007277517736976145
16	61900	0.006493007220035218
17	56703	0.005947867340834522
18	53626	0.0056251050917868915
19	51134	0.005363706481248479
20	48945	0.005134091088604583
21	47487	0.004981154020320071
22	46341	0.004860944225907141
23	46055	0.00483094422485819
24	44166	0.004632797364783125
25	43020	0.004512587570370195
26	42772	0.0044865735834466285
27	42093	0.0044153498047325105
28	41243	0.00432618896245416
29	40040	0.004200000146853152
30	39639	0.004157937208319483
31	39132	0.00410475538827816
32	38332	0.004020839301427948
33	37388	0.003921818318944697
34	36661	0.0038455595750195655
35	36103	0.0037870281044415422
36	35352	0.0037082518779109046
37	34131	0.0035801749503557674
38	33754	0.0035406294944276048
39	32539	0.003413181937523844
40	31930	0.0033493008164091195
41	30971	0.0032487064072974268
42	30748	0.00322531479808793
43	29881	0.003134370738964012
44	29515	0.0030959791292300394
45	28486	0.0029880420625189533
46	28245	0.0029627623413553267
47	27010	0.0028332168822803104
48	26102	0.002737972123705319
49	25233	0.0026468182743642752
50	25146	0.0026376923999193148
51	24397	0.002559125963605803
52	23503	0.00246534973655069
53	22762	0.0023876224611056804
54	22099	0.0023180770041285664
55	21637	0.0022696154639725687
56	20790	0.002180769307019906
57	20225	0.002121503570681943
58	19615	0.0020575175544586557
59	19010	0.0019940560137781823
60	18743	0.001966049019791924
61	18006	0.0018887413247811653
62	17208	0.0018050350281480778
63	16698	0.0017515385227810673
64	16261	0.0017056993603391385
65	15702	0.0016470629946525523
66	15122	0.001586223831686148
67	14765	0.0015487762779292406
68	14361	0.001506398654069883
69	13503	0.0014163986509230298
70	13084	0.0013724476004352308
71	12709	0.0013331119347241936
72	12319	0.0012922028423847148
73	11660	0.001223076965841852
74	11429	0.001198846195763853
75	11031	0.001157097942555872
76	10496	0.0011009790594747923
77	10107	0.0010601748622438762
78	10188	0.0010686713660374603
79	9651	0.001012342692739255
80	9081	0.0009525524808584783
81	8742	0.0009169930390557007
82	8412	0.0008823776532299878
83	8011	0.0008403147146963187
84	7811	0.0008193356929837655
85	7508	0.0007875524750892474
86	7314	0.0007672028240280707
87	6677	0.0007003846398735888
88	6641	0.0006966084159653293
89	6338	0.0006648251980708111
90	6051	0.0006347203019132973
91	5805	0.0006089161052068568
92	5514	0.0005783916286150919
93	5496	0.0005765035166609621
94	5033	0.0005279370813964015
95	4744	0.000497622395021762
96	4658	0.0004886014156853641
97	4436	0.00046531470158443013
98	4219	0.0004425524630263099
99	3904	0.0004095105038290386
100	3770	0.00039545455928162795
101	3767	0.00039513987395593965
102	3528	0.00037006994300943855
103	3318	0.0003480419702112577
104	3252	0.00034111889304611515
105	3099	0.0003250699414360119
106	2841	0.0002980070034268183
107	2775	0.00029108392626167574
108	2666	0.00027965035942833426
109	2414	0.0002532167920705172
110	2445	0.00025646854043596295
111	2331	0.0002445104980598076
112	2212	0.00023202798014083847
113	1994	0.00020916084647415548
114	2044	0.00021440560190229377
115	1842	0.00019321678997261503
116	1764	0.00018503497150471927
117	1735	0.00018199301335639908
118	1572	0.0001648951106606682
119	1442	0.0001512587465475086
120	1410	0.00014790210307350011
121	1331	0.00013961538949704158
122	1295	0.000135839165588782
123	1209	0.00012681818625238413
124	1140	0.00011958042376155328
125	1069	0.00011213287105359689
126	1072	0.00011244755637928519
127	1012	0.00010615384986551923
128	986	0.0001034265770428873
129	887	9.304196129517347e-05
130	836	8.769231075847241e-05
131	799	8.381119174165006e-05
132	793	8.318182109027347e-05
133	757	7.940559718201388e-05
134	721	7.56293732737543e-05
135	628	6.587412817741707e-05
136	622	6.524475752604047e-05
137	556	5.8321680360897916e-05
138	545	5.7167834166707487e-05
139	444	4.657342820186812e-05
140	471	4.94055961330628e-05
141	410	4.3006994510734074e-05
142	494	5.181818363000642e-05
143	392	4.1118882556604284e-05
144	385	4.038461679666492e-05
145	375	3.933566571103726e-05
146	356	3.734265864834471e-05
147	349	3.660839288840535e-05
148	315	3.30419591972713e-05
149	293	3.0734266808890446e-05
150	290	3.041958148320215e-05
151	278	2.9160840180448958e-05
152	243	2.5489511380752146e-05
153	233	2.4440560295124485e-05
154	243	2.5489511380752146e-05
155	209	2.1923077689618102e-05
156	187	1.961538530123725e-05
157	202	2.1188811929678738e-05
158	209	2.1923077689618102e-05
159	159	1.66783222614798e-05
160	120	1.2587413027531925e-05
161	150	1.5734266284414903e-05
162	135	1.4160839655973414e-05
163	122	1.2797203244657456e-05
164	112	1.1748252159029797e-05
165	123	1.2902098353220223e-05
166	102	1.0699301073402136e-05
167	108	1.1328671724778732e-05
168	114	1.1958042376155327e-05
169	91	9.54545487921171e-06
170	95	9.965035313462773e-06
171	77	8.076923359332984e-06
172	71	7.4475527079563884e-06
173	67	7.027972273705324e-06
174	63	6.60839183945426e-06
175	63	6.60839183945426e-06
176	46	4.825174993887238e-06
177	72	7.552447816519155e-06
178	55	5.769230970952132e-06
179	52	5.454545645263834e-06
180	35	3.671328799696811e-06
181	39	4.090909233947876e-06
182	26	2.727272822631917e-06
183	36	3.7762239082595773e-06
184	40	4.195804342510641e-06
185	27	2.832167931194683e-06
186	50	5.244755428138302e-06
187	42	4.4055945596361735e-06
188	23	2.412587496943619e-06
189	30	3.146853256882981e-06
190	24	2.5174826055063846e-06
191	23	2.412587496943619e-06
192	25	2.622377714069151e-06
193	22	2.3076923883808526e-06
194	26	2.727272822631917e-06
195	22	2.3076923883808526e-06
196	21	2.2027972798180867e-06
197	21	2.2027972798180867e-06
198	16	1.6783217370042566e-06
199	15	1.5734266284414906e-06
200	12	1.2587413027531923e-06
201	12	1.2587413027531923e-06
202	19	1.9930070626925547e-06
203	20	2.0979021712553205e-06
204	10	1.0489510856276603e-06
205	11	1.1538461941904263e-06
206	12	1.2587413027531923e-06
207	10	1.0489510856276603e-06
208	9	9.440559770648943e-07
209	3	3.146853256882981e-07
210	6	6.293706513765962e-07
211	1	1.0489510856276604e-07
212	8	8.391608685021283e-07
213	3	3.146853256882981e-07
214	5	5.244755428138301e-07
215	8	8.391608685021283e-07
216	1	1.0489510856276604e-07
217	5	5.244755428138301e-07
218	4	4.1958043425106415e-07
219	9	9.440559770648943e-07
220	6	6.293706513765962e-07
221	1	1.0489510856276604e-07
222	6	6.293706513765962e-07
223	4	4.1958043425106415e-07
224	6	6.293706513765962e-07
225	6	6.293706513765962e-07
226	4	4.1958043425106415e-07
227	5	5.244755428138301e-07
228	1	1.0489510856276604e-07
229	2	2.0979021712553208e-07
230	5	5.244755428138301e-07
231	1	1.0489510856276604e-07
232	4	4.1958043425106415e-07
234	1	1.0489510856276604e-07
236	2	2.0979021712553208e-07
238	3	3.146853256882981e-07
239	1	1.0489510856276604e-07
240	1	1.0489510856276604e-07
241	3	3.146853256882981e-07
242	4	4.1958043425106415e-07
246	1	1.0489510856276604e-07
251	1	1.0489510856276604e-07
253	2	2.0979021712553208e-07
260	2	2.0979021712553208e-07
271	3	3.146853256882981e-07
272	1	1.0489510856276604e-07
283	1	1.0489510856276604e-07
285	1	1.0489510856276604e-07
288	2	2.0979021712553208e-07
