sample name :	C92_019_s7_SNV
date of analysis :	31/08/2021
produced from code:	Watson_code_SSCS_calling: version 2.1
produced from function:	SSCS_calling_BAM
minimum family size required for SSCS consensus calling set to :	3
minimum proportion of identical nucleotides required at each base set to :	0.9
maximum proportion of Ns allowed :	1.0
minimum base quality set to:	20

total number of reads included in SSCS consensus calling:	126611896
total number of reads excluded due to non-common CIGAR:	982400
total number of SSCS consensus reads (read 1 and read 2 separate):	6745565
total number of unpaired SSCS reads:	34903
total number of SSCS pairs:	3355331

UMI_family_size	count (read 1 and read 2 separate)	fraction	
1	2791334	0.2810482095565296
2	394970	0.03976794297226433
3	267952	0.02697901069778508
4	256470	0.02582293423322438
5	274252	0.027613332394939967
6	310013	0.031213963857155184
7	343867	0.03462258714850146
8	372534	0.037508952242523534
9	387171	0.038982692985580054
10	387055	0.038971013411473715
11	375375	0.03779500112214529
12	346364	0.034874000049738875
13	309353	0.031147511107929435
14	270475	0.02723304143459806
15	231582	0.023317061471511556
16	196363	0.019771001812448393
17	167883	0.016903464997373607
18	143092	0.014407358776077293
19	124810	0.012566617622524019
20	109995	0.011074954774373282
21	101114	0.010180762553352244
22	92096	0.009272776352567678
23	85508	0.008609457092114284
24	79872	0.008041990888119849
25	76293	0.007681635752545669
26	71797	0.007228951569941166
27	68579	0.0069049440744737975
28	64799	0.006524351056180866
29	62200	0.006262668184608557
30	59367	0.005977424792856209
31	56255	0.00566409001165843
32	53790	0.005415899061898622
33	51273	0.005162472440987693
34	48465	0.00487974619882723
35	46420	0.00467384336221108
36	44161	0.0044463937250884
37	41909	0.004219648889851447
38	40141	0.004041636070713377
39	38823	0.003908931944229228
40	36774	0.003702626363678377
41	35105	0.00353458145692417
42	33466	0.0033695571296802245
43	31742	0.0031959744938238714
44	30214	0.003042126310767893
45	28680	0.002887674011809862
46	26746	0.0026929473193816793
47	25820	0.0025997120984982787
48	24535	0.002470330609475417
49	23103	0.0023261482808522747
50	21991	0.0022141854670052535
51	20929	0.0021072569523420013
52	19883	0.0020019394134175553
53	19031	0.0019161549553261324
54	17672	0.0017793227035112927
55	16752	0.0016866915985299443
56	15979	0.0016088613331488766
57	15101	0.0015204590394818941
58	14032	0.0014128257229329142
59	13437	0.001352917562646064
60	12641	0.0012727715196404624
61	12051	0.001213366789271989
62	11403	0.0011481222718503436
63	10690	0.0010763331654897986
64	10131	0.0010200497006152619
65	9470	0.0009534962654058365
66	8840	0.0008900640956903479
67	8416	0.0008473732386119874
68	7995	0.0008049844394846529
69	7698	0.0007750807023330654
70	7170	0.0007219185029524655
71	6641	0.0006686556175881901
72	6362	0.0006405642281427594
73	6211	0.0006253606446077772
74	5666	0.0005704867835046958
75	5367	0.0005403816743857576
76	5064	0.0005098738213321179
77	4773	0.00048057420008258266
78	4414	0.0004444279319431217
79	4163	0.0004191557500406016
80	4049	0.0004076775479016084
81	3689	0.0003714305937784721
82	3407	0.0003430371463820153
83	3076	0.00030971008578546493
84	2838	0.0002857468216707248
85	2856	0.0002875591693768816
86	2673	0.00026913363436428735
87	2477	0.0002493991815639131
88	2264	0.00022795306704105742
89	2100	0.0002114405657182953
90	2094	0.00021083644981624304
91	1924	0.00019371983259142866
92	1945	0.0001958342382486116
93	1716	0.00017277714798694989
94	1613	0.00016240649166838589
95	1548	0.00015586190272948627
96	1427	0.00014367889870476545
97	1218	0.0001226355281166113
98	1292	0.0001300862909085893
99	1185	0.00011931289065532378
100	1164	0.00011719848499814084
101	1068	0.00010753263056530448
102	1002	0.00010088735564272948
103	877	8.830160768330714e-05
104	836	8.417348235261661e-05
105	768	7.732683546269086e-05
106	694	6.987607267071284e-05
107	618	6.222393791138405e-05
108	610	6.141845004198102e-05
109	579	5.829718454804428e-05
110	553	5.5679348972484434e-05
111	523	5.2658769462223074e-05
112	467	4.702035437640186e-05
113	431	4.339565896408823e-05
114	423	4.25901710946852e-05
115	399	4.017370748647611e-05
116	370	3.725381395989013e-05
117	320	3.221951477612119e-05
118	330	3.322637461287498e-05
119	356	3.5844210188434824e-05
120	288	2.899756329850907e-05
121	245	2.4668066000467788e-05
122	217	2.184885845755718e-05
123	196	1.973445280037423e-05
124	197	1.983513878404961e-05
125	207	2.0841998620803396e-05
126	182	1.8324849028918926e-05
127	173	1.7418675175840518e-05
128	185	1.8626906979945064e-05
129	166	1.671387329011287e-05
130	143	1.4398095665579157e-05
131	147	1.4800839600280671e-05
132	158	1.5908385420709837e-05
133	96	9.665854432836358e-06
134	91	9.162424514459463e-06
135	121	1.2183004024720825e-05
136	91	9.162424514459463e-06
137	94	9.4644824654856e-06
138	84	8.457622628731813e-06
139	66	6.645274922574996e-06
140	63	6.34321697154886e-06
141	56	5.638415085821208e-06
142	57	5.739101069496587e-06
143	62	6.2425309878734805e-06
144	65	6.544588938899617e-06
145	56	5.638415085821208e-06
146	31	3.1212654939367403e-06
147	38	3.8260673796643915e-06
148	37	3.725381395989013e-06
149	35	3.5240094286382554e-06
150	45	4.530869265392042e-06
151	34	3.4233234449628764e-06
152	38	3.8260673796643915e-06
153	28	2.819207542910604e-06
154	33	3.322637461287498e-06
155	28	2.819207542910604e-06
156	15	1.5102897551306808e-06
157	21	2.1144056571829533e-06
158	17	1.7116617224814382e-06
159	23	2.3157776245337104e-06
160	22	2.215091640858332e-06
161	15	1.5102897551306808e-06
162	5	5.034299183768936e-07
163	6	6.041159020522724e-07
164	6	6.041159020522724e-07
165	12	1.2082318041045447e-06
166	22	2.215091640858332e-06
167	4	4.027439347015149e-07
168	7	7.04801885727651e-07
169	7	7.04801885727651e-07
170	11	1.107545820429166e-06
171	12	1.2082318041045447e-06
172	5	5.034299183768936e-07
173	9	9.061738530784085e-07
174	8	8.054878694030298e-07
175	3	3.020579510261362e-07
176	3	3.020579510261362e-07
177	3	3.020579510261362e-07
178	6	6.041159020522724e-07
179	5	5.034299183768936e-07
180	4	4.027439347015149e-07
181	2	2.0137196735075745e-07
182	2	2.0137196735075745e-07
183	1	1.0068598367537873e-07
184	2	2.0137196735075745e-07
185	5	5.034299183768936e-07
187	2	2.0137196735075745e-07
188	3	3.020579510261362e-07
189	1	1.0068598367537873e-07
190	8	8.054878694030298e-07
191	3	3.020579510261362e-07
192	3	3.020579510261362e-07
193	5	5.034299183768936e-07
194	1	1.0068598367537873e-07
197	3	3.020579510261362e-07
198	3	3.020579510261362e-07
200	2	2.0137196735075745e-07
208	4	4.027439347015149e-07
211	1	1.0068598367537873e-07
212	1	1.0068598367537873e-07
222	2	2.0137196735075745e-07
223	1	1.0068598367537873e-07
225	1	1.0068598367537873e-07
