sample name :	C92_070_s1_SNV
date of analysis :	30/06/2021
produced from code:	Watson_code_SSCS_calling: version 1.8
produced from function:	SSCS_calling_BAM_and_fastq
minimum family size required for SSCS consensus calling set to :	3
minimum proportion of identical nucleotides required at each base set to :	0.9
maximum proportion of Ns allowed :	1.0
minimum base quality set to:	20

total number of reads included in SSCS consensus calling:	123717345
total number of reads excluded due to non-common CIGAR:	953931
total number of SSCS consensus reads (read 1 and read 2 separate):	7518933
total number of unpaired SSCS reads:	39953
total number of SSCS pairs:	3739490

UMI_family_size	count (read 1 and read 2 separate)	fraction	
1	2620792	0.24367908942886238
2	615371	0.0572166905809116
3	544975	0.05067132827080298
4	557520	0.05183775207585316
5	569371	0.05293964833042866
6	554109	0.051520600095061916
7	516666	0.048039180682348165
8	460490	0.04281598230271492
9	399023	0.03710083108509678
10	335300	0.031175918838846253
11	281829	0.026204229139377276
12	237539	0.022086181285597077
13	202929	0.018868171888005464
14	176370	0.016398737863427718
15	155681	0.01447509162168334
16	142160	0.013217920137579432
17	129088	0.012002496305007413
18	120470	0.01120120173729737
19	114616	0.010656901621333738
20	107557	0.010000561594243325
21	101956	0.009479785210657348
22	97583	0.009073187259323394
23	91713	0.008527399476490028
24	87480	0.00813381861026624
25	83366	0.007751302266386093
26	79557	0.0073971445722102345
27	75345	0.007005516268752971
28	71684	0.006665119493122144
29	67958	0.006318679070833027
30	65350	0.006076189371066516
31	61862	0.005751877993464679
32	59340	0.005517384503122984
33	55647	0.0051740123937526914
34	51885	0.004824224721006675
35	49498	0.004602283419878354
36	46763	0.004347985364333336
37	45077	0.0041912224679352
38	42697	0.003969932021062388
39	40353	0.0037519888246464747
40	38392	0.0035696566539247998
41	36122	0.003358593916781403
42	33866	0.0031488328881490225
43	32308	0.0030039713267087527
44	30135	0.0028019275699631132
45	28778	0.002675754823573867
46	26792	0.002491098173368234
47	25727	0.0023920753473516184
48	24522	0.002280035436224837
49	23000	0.002138521125241467
50	21265	0.0019772022490547737
51	20049	0.001864139566955051
52	18955	0.0017624203447370438
53	17594	0.0016358756816303639
54	16738	0.001556285504099638
55	15807	0.0014697218881170378
56	14319	0.0013313688692318507
57	13968	0.0012987331772770787
58	12839	0.00119375968378153
59	12357	0.0011489437193308177
60	11476	0.0010670290623161337
61	10867	0.001010404742086914
62	10363	0.0009635432356903184
63	9351	0.0008694483061796938
64	8770	0.0008154274029725072
65	8217	0.0007640099167873537
66	7816	0.0007267252658646655
67	7375	0.0006857214477676443
68	6799	0.0006321654404572493
69	6093	0.0005665221398302721
70	5957	0.0005538769714375399
71	5647	0.0005250534258364593
72	5108	0.0004749376481623223
73	4833	0.000449368373838783
74	4380	0.000407248805589462
75	4137	0.00038465486500538905
76	3935	0.0003658730707750075
77	3798	0.000353134923202917
78	3405	0.00031659410571509543
79	3152	0.0002930703733374393
80	2889	0.0002686168491661999
81	2682	0.0002493701590390267
82	2744	0.00025513486815924286
83	2477	0.00023030942727057015
84	2341	0.000217664258877838
85	2216	0.00020604186145804744
86	1958	0.00018205323318359965
87	1795	0.00016689762694819274
88	1702	0.00015825056326786854
89	1630	0.00015155606235406918
90	1481	0.0001377021646296788
91	1371	0.00012747445490026308
92	1254	0.0001165958909153391
93	1183	0.00010999436918089806
94	1086	0.00010097538878314057
95	1010	9.39089711519079e-05
96	912	8.479701157479208e-05
97	872	8.10778444004591e-05
98	859	7.986911506880087e-05
99	721	6.703798831735207e-05
100	743	6.908353026323522e-05
101	653	6.0715404120985994e-05
102	587	5.4578778283336566e-05
103	606	5.6345382691144734e-05
104	575	5.346302813103667e-05
105	490	4.555979788557908e-05
106	441	4.100381809702117e-05
107	443	4.118977645573782e-05
108	369	3.43093171832218e-05
109	362	3.3658462927713526e-05
110	326	3.0311212470813836e-05
111	330	3.0683129188247133e-05
112	275	2.556927432353928e-05
113	254	2.361671155701446e-05
114	256	2.380266991573111e-05
115	212	1.9711586023964827e-05
116	229	2.1292232073056344e-05
117	183	1.701518982257341e-05
118	160	1.4876668697331944e-05
119	170	1.580646049091519e-05
120	166	1.5434543773481892e-05
121	144	1.338900182759875e-05
122	174	1.617837720834849e-05
123	149	1.3853897724390372e-05
124	111	1.0320688908774036e-05
125	143	1.3296022648240425e-05
126	100	9.297917935832466e-06
127	105	9.762813832624088e-06
128	81	7.5313135280242965e-06
129	93	8.647063680324193e-06
130	66	6.136625837649427e-06
131	54	5.020875685349531e-06
132	75	6.973438451874349e-06
133	65	6.043646658291102e-06
134	51	4.741938147274557e-06
135	50	4.648958967916233e-06
136	76	7.066417631232673e-06
137	42	3.9051255330496356e-06
138	31	2.882354560108064e-06
139	31	2.882354560108064e-06
140	43	3.99810471240796e-06
141	32	2.975333739466389e-06
142	31	2.882354560108064e-06
143	28	2.6034170220330902e-06
144	21	1.9525627665248178e-06
145	40	3.719167174332986e-06
146	26	2.4174586633164407e-06
147	13	1.2087293316582204e-06
148	19	1.7666044078081683e-06
149	11	1.022770972941571e-06
150	11	1.022770972941571e-06
151	12	1.1157501522998958e-06
152	15	1.3946876903748697e-06
153	10	9.297917935832465e-07
154	6	5.578750761499479e-07
155	9	8.368126142249219e-07
156	2	1.859583587166493e-07
157	2	1.859583587166493e-07
158	9	8.368126142249219e-07
159	13	1.2087293316582204e-06
160	10	9.297917935832465e-07
161	13	1.2087293316582204e-06
162	4	3.719167174332986e-07
163	4	3.719167174332986e-07
164	6	5.578750761499479e-07
165	5	4.6489589679162326e-07
166	4	3.719167174332986e-07
167	5	4.6489589679162326e-07
168	3	2.7893753807497395e-07
169	5	4.6489589679162326e-07
170	8	7.438334348665972e-07
172	3	2.7893753807497395e-07
173	2	1.859583587166493e-07
174	5	4.6489589679162326e-07
179	3	2.7893753807497395e-07
181	4	3.719167174332986e-07
183	2	1.859583587166493e-07
186	3	2.7893753807497395e-07
187	1	9.297917935832465e-08
189	1	9.297917935832465e-08
190	1	9.297917935832465e-08
191	1	9.297917935832465e-08
194	2	1.859583587166493e-07
195	1	9.297917935832465e-08
196	2	1.859583587166493e-07
197	3	2.7893753807497395e-07
201	2	1.859583587166493e-07
213	4	3.719167174332986e-07
