sample name :	C92_009_s8_SNV
date of analysis :	18/07/2021
produced from code:	Watson_code_SSCS_calling: version 1.8
produced from function:	SSCS_calling_BAM_and_fastq
minimum family size required for SSCS consensus calling set to :	3
minimum proportion of identical nucleotides required at each base set to :	0.9
maximum proportion of Ns allowed :	1.0
minimum base quality set to:	20

total number of reads included in SSCS consensus calling:	82062513
total number of reads excluded due to non-common CIGAR:	588752
total number of SSCS consensus reads (read 1 and read 2 separate):	5473885
total number of unpaired SSCS reads:	27933
total number of SSCS pairs:	2722976

UMI_family_size	count (read 1 and read 2 separate)	fraction	
1	1934375	0.23855947384031576
2	700305	0.08636608327120766
3	656182	0.08092455323475856
4	618550	0.07628353475614982
5	546330	0.0673769033114984
6	455876	0.056221538582967516
7	362023	0.04464698747558908
8	281539	0.034721186794457466
9	215860	0.026621233226841002
10	170813	0.02106574961167605
11	138396	0.01706787822506202
12	118126	0.014568052423579265
13	103705	0.012789562641478486
14	93464	0.0115265771440446
15	87166	0.010749867578295297
16	81156	0.010008676011106775
17	77391	0.009544352175754896
18	73629	0.009080398319554693
19	70433	0.008686247196637137
20	67371	0.008308621809161055
21	64636	0.007971324149217526
22	62164	0.007666461328237487
23	59518	0.007340139716460311
24	56171	0.006927366309575122
25	53548	0.006603881204627453
26	51930	0.006404339115490842
27	49221	0.006070247941528495
28	46951	0.00579029705009456
29	44558	0.005495177013441959
30	42369	0.005225215559103245
31	40687	0.005017780581397572
32	38541	0.004753122161566196
33	36434	0.0044932734707065925
34	34883	0.004301994249290719
35	33662	0.004151412734559074
36	31630	0.003900813522491341
37	29534	0.0036423214218545452
38	28405	0.0035030859344409274
39	26722	0.003295527630351363
40	25454	0.0031391497755768128
41	24162	0.002979812087588864
42	22701	0.0027996322407232354
43	21425	0.002642267774877552
44	20153	0.002485396614567436
45	19059	0.002350477550590024
46	18450	0.002275371782800039
47	17127	0.0021122109769114513
48	16066	0.0019813616836024625
49	15333	0.0018909634442099187
50	14367	0.0017718301573706322
51	13419	0.0016549167454413944
52	12537	0.0015461428748490022
53	11872	0.0014641308295610875
54	11480	0.00141578688707558
55	10777	0.0013290884391997844
56	9949	0.0012269741933375387
57	9320	0.0011494018978697217
58	8736	0.0010773792896770268
59	8184	0.001009303125768863
60	7819	0.0009642889956484285
61	7152	0.0008820302975927306
62	6833	0.0008426891811313099
63	6257	0.0007716531840097477
64	6038	0.0007446447059374871
65	5390	0.0006647292091757297
66	5202	0.0006415438490041086
67	4784	0.0005899934205374194
68	4531	0.0005587918454128443
69	4293	0.0005294401660466433
70	3814	0.00047036682816256636
71	3579	0.0004413851279480401
72	3289	0.0004056204766194758
73	3144	0.00038773815095519365
74	2896	0.0003571532077500766
75	2714	0.00033470780588180525
76	2487	0.0003067127167384118
77	2383	0.00029388677281368526
78	2265	0.0002793342595144764
79	2110	0.0002602186700112782
80	1941	0.00023937651113359763
81	1839	0.00022679721997665431
82	1679	0.00020706499855399814
83	1582	0.00019510233931651285
84	1493	0.00018412629115016036
85	1308	0.00016131091013021415
86	1274	0.00015711781307789973
87	1199	0.00014786833428602966
88	987	0.00012172314090101023
89	987	0.00012172314090101023
90	906	0.00011173370380579054
91	864	0.0001065539956823433
92	829	0.00010223757224613727
93	740	9.126152407978477e-05
94	743	9.163150323145957e-05
95	640	7.892888569062467e-05
96	592	7.300921926382782e-05
97	529	6.523965707865695e-05
98	496	6.116988641023412e-05
99	448	5.525021998343727e-05
100	442	5.451026168008766e-05
101	412	5.0810470163339627e-05
102	397	4.8960574404965614e-05
103	330	4.069770668422834e-05
104	339	4.1807644139252755e-05
105	321	3.958776922920393e-05
106	254	3.1324901508466667e-05
107	242	2.9844984901767453e-05
108	235	2.8981700214526246e-05
109	225	2.7748436375610234e-05
110	203	2.503525592999501e-05
111	169	2.0842158877680575e-05
112	192	2.36786657071874e-05
113	136	1.677238820925774e-05
114	128	1.5785777138124932e-05
115	129	1.5909103522016534e-05
116	130	1.6032429905908136e-05
117	98	1.2085985621376902e-05
118	77	9.49613155965328e-06
119	103	1.2702617540834907e-05
120	80	9.866110711328084e-06
121	89	1.0976048166352493e-05
122	71	8.756173256303675e-06
123	56	6.906277497929659e-06
124	68	8.38619410462887e-06
125	52	6.412971962363254e-06
126	56	6.906277497929659e-06
127	34	4.193097052314435e-06
128	42	5.179708123447244e-06
129	35	4.316423436206036e-06
130	62	7.646235801279265e-06
131	45	5.5496872751220465e-06
132	32	3.946444284531233e-06
133	29	3.57646513285643e-06
134	26	3.206485981181627e-06
135	25	3.083159597290026e-06
136	24	2.959833213398425e-06
137	17	2.0965485261572176e-06
138	25	3.083159597290026e-06
139	18	2.2198749100488187e-06
140	14	1.7265693744824147e-06
141	14	1.7265693744824147e-06
142	14	1.7265693744824147e-06
143	14	1.7265693744824147e-06
144	14	1.7265693744824147e-06
145	21	2.589854061723622e-06
146	10	1.2332638389160105e-06
147	12	1.4799166066992125e-06
148	2	2.4665276778320206e-07
149	7	8.632846872412073e-07
150	7	8.632846872412073e-07
151	5	6.166319194580052e-07
152	1	1.2332638389160103e-07
153	5	6.166319194580052e-07
154	10	1.2332638389160105e-06
155	10	1.2332638389160105e-06
156	3	3.699791516748031e-07
157	3	3.699791516748031e-07
158	11	1.3565902228076114e-06
159	1	1.2332638389160103e-07
160	2	2.4665276778320206e-07
161	3	3.699791516748031e-07
162	4	4.933055355664041e-07
163	2	2.4665276778320206e-07
164	5	6.166319194580052e-07
166	2	2.4665276778320206e-07
167	2	2.4665276778320206e-07
168	2	2.4665276778320206e-07
169	3	3.699791516748031e-07
170	4	4.933055355664041e-07
171	1	1.2332638389160103e-07
173	3	3.699791516748031e-07
174	2	2.4665276778320206e-07
176	1	1.2332638389160103e-07
178	1	1.2332638389160103e-07
179	2	2.4665276778320206e-07
180	1	1.2332638389160103e-07
182	1	1.2332638389160103e-07
184	3	3.699791516748031e-07
188	2	2.4665276778320206e-07
190	2	2.4665276778320206e-07
202	2	2.4665276778320206e-07
204	2	2.4665276778320206e-07
209	2	2.4665276778320206e-07
219	1	1.2332638389160103e-07
220	1	1.2332638389160103e-07
232	1	1.2332638389160103e-07
234	1	1.2332638389160103e-07
