sample name :	CNTRL_161_s1_SNV
date of analysis :	16/09/2021
produced from code:	Watson_code_SSCS_calling: version 2.1
produced from function:	SSCS_calling_BAM
minimum family size required for SSCS consensus calling set to :	3
minimum proportion of identical nucleotides required at each base set to :	0.9
maximum proportion of Ns allowed :	1.0
minimum base quality set to:	20

total number of reads included in SSCS consensus calling:	99093743
total number of reads excluded due to non-common CIGAR:	729672
total number of SSCS consensus reads (read 1 and read 2 separate):	3764137
total number of unpaired SSCS reads:	36095
total number of SSCS pairs:	1864021

UMI_family_size	count (read 1 and read 2 separate)	fraction	
1	1862482	0.3011263771309242
2	558432	0.09028737192304477
3	516366	0.08348613455248792
4	493680	0.07981825857216052
5	436409	0.07055867445555421
6	354340	0.05728974587275028
7	267822	0.04330150228348966
8	191623	0.030981636206395064
9	133351	0.02156021025533985
10	90393	0.014614754187152216
11	61779	0.009988438252166392
12	42945	0.006943354226181805
13	32669	0.0052819289606504454
14	24810	0.004011284628049146
15	20912	0.0033810553866087767
16	18234	0.0029480759334078246
17	16522	0.002671279509255461
18	15255	0.002466430753764197
19	14729	0.0023813869926052346
20	14260	0.002305559000241065
21	13702	0.002215341474144676
22	13447	0.0021741130347995513
23	12993	0.0021007102447498007
24	12661	0.002047032433523992
25	12579	0.002033774660871834
26	12426	0.0020090375972647598
27	12116	0.001958916749433432
28	11953	0.0019325628842834118
29	11732	0.0018968315701843041
30	11803	0.001908310861139221
31	11622	0.0018790467532118975
32	11895	0.0019231854353343246
33	11603	0.0018759748302803001
34	11421	0.001846549042198682
35	11103	0.0017951347531329977
36	11059	0.001788020826344035
37	11167	0.0018054822830078524
38	11070	0.0017897993080412756
39	10785	0.0017437204640673133
40	10735	0.001735636456352583
41	10593	0.0017126778744427492
42	10591	0.0017123545141341599
43	10805	0.0017469540671532053
44	10331	0.0016703176740175626
45	10436	0.001687294090218496
46	10425	0.0016855156085212556
47	10213	0.0016512394158107993
48	10140	0.001639436764547293
49	10007	0.0016179333040261107
50	10207	0.0016502693348850316
51	10124	0.0016368498820785796
52	9649	0.0015600518087886422
53	9769	0.0015794534273039947
54	9781	0.00158139358915553
55	9771	0.001579776787612584
56	9614	0.001554393003388331
57	9338	0.0015097692808030202
58	9310	0.001505242236482771
59	9391	0.0015183383289806341
60	9591	0.001550674359839555
61	9225	0.0014914994233677296
62	9200	0.0014874574195103646
63	9125	0.0014753314079382692
64	9060	0.0014648221979091198
65	8921	0.0014423486564621698
66	9010	0.0014567381901943897
67	8635	0.0013961081323339128
68	8951	0.001447199061091008
69	8633	0.0013957847720253236
70	8861	0.0014326478472044936
71	8721	0.0014100126256032489
72	8401	0.0013582749762289753
73	8078	0.0013060522863918179
74	8486	0.0013720177893440167
75	8228	0.0013303043095360086
76	7895	0.0012764648181559052
77	8028	0.0012979682786770877
78	7770	0.0012562547988690797
79	7888	0.001275333057075843
80	7864	0.0012714527333727724
81	7604	0.0012294158932561752
82	7755	0.0012538295965546606
83	7875	0.0012732312150700131
84	7496	0.0012119544365923579
85	7308	0.0011815585675849722
86	7172	0.001159570066600906
87	7190	0.0011624803093782088
88	6954	0.0011243237929646822
89	6945	0.0011228686715760306
90	6711	0.0010850355154710931
91	6862	0.0011094492187695784
92	6748	0.0010910176811799936
93	6647	0.0010746879855962385
94	6479	0.0010475257196747448
95	6465	0.0010452621975146203
96	6506	0.001051891083840699
97	6400	0.0010347529874854711
98	6287	0.0010164831300501806
99	6141	0.0009928778275231683
100	5835	0.0009434037003090193
101	5886	0.0009516493881780441
102	5739	0.0009278824054967372
103	5664	0.0009157563939246418
104	5967	0.0009647454806759071
105	5648	0.0009131695114559282
106	5394	0.0008721027522650986
107	5620	0.0009086424671356792
108	5395	0.0008722644324193931
109	5292	0.0008556113765270488
110	5082	0.0008216585441251818
111	5180	0.0008375031992460531
112	5113	0.0008266706289083146
113	4739	0.0007662022512021323
114	4855	0.0007849571491003065
115	4822	0.0007796217040085846
116	4604	0.0007443754303723607
117	4554	0.0007362914226576305
118	4599	0.0007435670296008877
119	4451	0.0007196383667652862
120	4329	0.0006999133879413443
121	4289	0.0006934461817695601
122	4198	0.0006787332877287511
123	4116	0.0006654755150765936
124	4056	0.0006557747058189172
125	3985	0.0006442954148640003
126	3789	0.0006126061046222577
127	3689	0.0005964380891927973
128	3575	0.0005780065516032124
129	3581	0.00057897663252898
130	3467	0.000560545094939395
131	3369	0.0005447004398185237
132	3407	0.0005508442856817187
133	3312	0.0005354846710237313
134	3262	0.000527400663309001
135	3287	0.0005314426671663661
136	3172	0.0005128494494224865
137	2926	0.00047307613146601376
138	2907	0.0004700042085344163
139	2874	0.0004646687634426943
140	2908	0.00047016588868871087
141	2688	0.00043459625474389784
142	2647	0.000427967368417819
143	2633	0.00042570384625769455
144	2478	0.0004006434223420308
145	2529	0.0004088891102110557
146	2455	0.00039692477879325487
147	2359	0.00038140348398097286
148	2274	0.0003676606708659314
149	2253	0.0003642653876257447
150	2081	0.0003364564010870727
151	2070	0.00033467791938983203
152	2148	0.0003472889714248112
153	2103	0.000340013364481554
154	1945	0.0003144679001030064
155	1888	0.000305252131308214
156	1969	0.00031834822380607695
157	1797	0.0002905392372674049
158	1772	0.0002864972334100398
159	1883	0.0003044437305367409
160	1660	0.000268389056129044
161	1660	0.000268389056129044
162	1646	0.00026612553396891957
163	1387	0.0002242503740066169
164	1594	0.00025771816594560013
165	1592	0.0002573948056370109
166	1480	0.00023928662835601518
167	1381	0.0002232802930808493
168	1371	0.00022166349153790324
169	1307	0.00021131596166304854
170	1266	0.00020468707533696974
171	1252	0.00020242355317684526
172	1232	0.00019918995009095318
173	1178	0.0001904592217590445
174	1049	0.0001696024818550405
175	1035	0.00016733895969491601
176	1025	0.00016572215815196996
177	1063	0.00017186600401516495
178	983	0.00015893159167159655
179	951	0.0001537578267341692
180	897	0.00014502709840226053
181	943	0.00015246438549981238
182	962	0.00015553630843140987
183	953	0.00015408118704275843
184	820	0.00013257772652157596
185	795	0.00012853572266421085
186	808	0.00013063756467004072
187	778	0.00012578716004120257
188	720	0.00011640971109211549
189	656	0.00010606218121726078
190	701	0.000113337788160518
191	717	0.00011592467062923167
192	650	0.00010509210029149314
193	680	0.00010994250492033129
194	672	0.00010864906368597446
195	622	0.00010056505597124421
196	619	0.0001000800155083604
197	606	9.797817350253054e-05
198	578	9.34511291822816e-05
199	475	7.67980732899373e-05
200	536	8.66605627019082e-05
201	518	8.375031992460531e-05
202	505	8.164847791877545e-05
203	425	6.871406557520705e-05
204	506	8.181015807307005e-05
205	496	8.019335653012401e-05
206	412	6.66122235693772e-05
207	352	5.6911414311700905e-05
208	384	6.208517924912826e-05
209	409	6.612718310649339e-05
210	416	6.725894418655561e-05
211	368	5.949829678041459e-05
212	344	5.561797307734407e-05
213	349	5.642637384881709e-05
214	309	4.99591676770329e-05
215	322	5.206100968286276e-05
216	300	4.8504046288381455e-05
217	311	5.0282527985622105e-05
218	291	4.704892489973001e-05
219	268	4.33302813509541e-05
220	297	4.801900582549764e-05
221	270	4.3653641659543306e-05
222	220	3.5569633944813065e-05
223	256	4.139011949941884e-05
224	218	3.5246273636223856e-05
225	184	2.9749148390207293e-05
226	223	3.605467440769688e-05
227	220	3.5569633944813065e-05
228	204	3.298275147609939e-05
229	183	2.9587468235912686e-05
230	190	3.071922931597492e-05
231	167	2.700058576719901e-05
232	203	3.282107132180478e-05
233	156	2.5222104069958357e-05
234	162	2.6192184995725986e-05
235	157	2.538378422425296e-05
236	155	2.5060423915663752e-05
237	168	2.7162265921493615e-05
238	184	2.9749148390207293e-05
239	152	2.4575383452779936e-05
240	127	2.0533379595414815e-05
241	154	2.4898743761369148e-05
242	140	2.2635221601244678e-05
243	130	2.101842005829863e-05
244	120	1.9401618515352582e-05
245	113	1.826985743529035e-05
246	101	1.632969558375509e-05
247	137	2.2150181138360865e-05
248	98	1.5844655120871274e-05
249	114	1.8431537589584953e-05
250	106	1.7138096355228115e-05
251	100	1.6168015429460486e-05
252	93	1.5036254349398251e-05
253	90	1.4551213886514436e-05
254	77	1.2449371880684574e-05
255	73	1.1802651263506153e-05
256	88	1.4227853577925226e-05
257	72	1.164097110921155e-05
258	67	1.0832570337738524e-05
259	73	1.1802651263506153e-05
260	66	1.067089018344392e-05
261	70	1.1317610800622339e-05
262	53	8.569048177614058e-06
263	60	9.700809257676291e-06
264	61	9.862489411970895e-06
265	71	1.1479290954916945e-05
266	41	6.6288863260787985e-06
267	56	9.054088640497872e-06
268	52	8.407368023319452e-06
269	53	8.569048177614058e-06
270	63	1.0185849720560106e-05
271	55	8.892408486203266e-06
272	42	6.790566480373404e-06
273	43	6.952246634668009e-06
274	37	5.98216570890038e-06
275	43	6.952246634668009e-06
276	39	6.305526017489589e-06
277	35	5.6588054003111694e-06
278	29	4.68872447454354e-06
279	26	4.203684011659726e-06
280	37	5.98216570890038e-06
281	42	6.790566480373404e-06
282	36	5.820485554605775e-06
283	39	6.305526017489589e-06
284	22	3.5569633944813065e-06
285	25	4.0420038573651215e-06
286	30	4.8504046288381455e-06
287	35	5.6588054003111694e-06
288	23	3.7186435487759117e-06
289	25	4.0420038573651215e-06
290	21	3.395283240186702e-06
291	25	4.0420038573651215e-06
292	25	4.0420038573651215e-06
293	21	3.395283240186702e-06
294	23	3.7186435487759117e-06
295	26	4.203684011659726e-06
296	24	3.880323703070516e-06
297	8	1.2934412343568387e-06
298	17	2.7485626230082826e-06
299	23	3.7186435487759117e-06
300	21	3.395283240186702e-06
301	18	2.9102427773028873e-06
302	25	4.0420038573651215e-06
303	11	1.7784816972406533e-06
304	18	2.9102427773028873e-06
305	11	1.7784816972406533e-06
306	14	2.263522160124468e-06
307	16	2.5868824687136774e-06
308	11	1.7784816972406533e-06
309	16	2.5868824687136774e-06
310	11	1.7784816972406533e-06
311	5	8.084007714730243e-07
312	12	1.940161851535258e-06
313	9	1.4551213886514436e-06
314	12	1.940161851535258e-06
315	6	9.70080925767629e-07
316	4	6.467206171784194e-07
317	13	2.101842005829863e-06
318	11	1.7784816972406533e-06
319	6	9.70080925767629e-07
320	11	1.7784816972406533e-06
321	14	2.263522160124468e-06
322	11	1.7784816972406533e-06
323	5	8.084007714730243e-07
324	15	2.4252023144190727e-06
325	8	1.2934412343568387e-06
326	8	1.2934412343568387e-06
327	8	1.2934412343568387e-06
328	11	1.7784816972406533e-06
329	3	4.850404628838145e-07
330	3	4.850404628838145e-07
331	5	8.084007714730243e-07
332	4	6.467206171784194e-07
333	12	1.940161851535258e-06
334	7	1.131761080062234e-06
335	4	6.467206171784194e-07
336	5	8.084007714730243e-07
337	6	9.70080925767629e-07
338	5	8.084007714730243e-07
339	1	1.6168015429460484e-07
340	1	1.6168015429460484e-07
341	1	1.6168015429460484e-07
342	5	8.084007714730243e-07
344	2	3.233603085892097e-07
345	1	1.6168015429460484e-07
346	2	3.233603085892097e-07
347	3	4.850404628838145e-07
348	7	1.131761080062234e-06
349	2	3.233603085892097e-07
350	2	3.233603085892097e-07
351	1	1.6168015429460484e-07
352	3	4.850404628838145e-07
353	3	4.850404628838145e-07
354	1	1.6168015429460484e-07
355	3	4.850404628838145e-07
356	1	1.6168015429460484e-07
357	1	1.6168015429460484e-07
358	2	3.233603085892097e-07
359	1	1.6168015429460484e-07
360	2	3.233603085892097e-07
361	2	3.233603085892097e-07
362	1	1.6168015429460484e-07
363	3	4.850404628838145e-07
364	1	1.6168015429460484e-07
366	1	1.6168015429460484e-07
367	1	1.6168015429460484e-07
368	4	6.467206171784194e-07
369	4	6.467206171784194e-07
370	1	1.6168015429460484e-07
371	4	6.467206171784194e-07
372	1	1.6168015429460484e-07
374	1	1.6168015429460484e-07
375	2	3.233603085892097e-07
376	2	3.233603085892097e-07
377	1	1.6168015429460484e-07
378	2	3.233603085892097e-07
379	2	3.233603085892097e-07
380	1	1.6168015429460484e-07
382	1	1.6168015429460484e-07
387	2	3.233603085892097e-07
388	1	1.6168015429460484e-07
389	3	4.850404628838145e-07
398	1	1.6168015429460484e-07
399	1	1.6168015429460484e-07
401	2	3.233603085892097e-07
402	1	1.6168015429460484e-07
404	1	1.6168015429460484e-07
409	1	1.6168015429460484e-07
410	1	1.6168015429460484e-07
411	1	1.6168015429460484e-07
412	1	1.6168015429460484e-07
431	3	4.850404628838145e-07
435	1	1.6168015429460484e-07
436	2	3.233603085892097e-07
