sample name :	C92_007_s4_SNV
date of analysis :	31/08/2021
produced from code:	Watson_code_SSCS_calling: version 2.1
produced from function:	SSCS_calling_BAM
minimum family size required for SSCS consensus calling set to :	3
minimum proportion of identical nucleotides required at each base set to :	0.9
maximum proportion of Ns allowed :	1.0
minimum base quality set to:	20

total number of reads included in SSCS consensus calling:	94099745
total number of reads excluded due to non-common CIGAR:	825498
total number of SSCS consensus reads (read 1 and read 2 separate):	5248683
total number of unpaired SSCS reads:	43429
total number of SSCS pairs:	2602627

UMI_family_size	count (read 1 and read 2 separate)	fraction	
1	2230727	0.27424888593501484
2	654541	0.08047024133781971
3	599247	0.0736723149672281
4	596576	0.07334393826567187
5	567473	0.06976597228087555
6	506751	0.06230071953961857
7	427320	0.05253535458966989
8	339373	0.041723019969016284
9	258572	0.03178922518712001
10	189872	0.023343145293105404
11	138907	0.017077432603171572
12	101016	0.012419056864247154
13	75568	0.00929044200044972
14	58461	0.007187282047801862
15	47765	0.00587229994377886
16	41410	0.005091006818211716
17	36764	0.004519820687387962
18	34273	0.004213573452802949
19	31916	0.003923800376963176
20	30921	0.003801473601205613
21	29723	0.003654189704363845
22	28616	0.0035180934824908584
23	28115	0.00345649979942097
24	27482	0.003378677840572189
25	26831	0.003298642935026287
26	26711	0.0032838899570454753
27	25731	0.0031634073035355145
28	25320	0.0031128783539512346
29	25258	0.003105255981994482
30	24343	0.002992764524890794
31	23580	0.0028989601732294676
32	23514	0.002890846035340021
33	23193	0.00285138181924135
34	22310	0.002742824489599212
35	21705	0.002668444892279287
36	21454	0.0026375865800027563
37	21137	0.0025986141298367793
38	20872	0.0025660346367958205
39	20437	0.0025125550916153786
40	20201	0.0024835409015864494
41	19441	0.002390105374374643
42	18883	0.002321504026763869
43	18323	0.0022526567961867485
44	18405	0.0022627379978069698
45	17792	0.0021873748686216574
46	17084	0.0021003322985348695
47	16726	0.0020563192475587817
48	16303	0.002004315000176421
49	16213	0.0019932502666908125
50	15561	0.0019130924196617363
51	15183	0.00186662053902218
52	15201	0.0018688334857193017
53	14599	0.0017948227128488973
54	14104	0.0017339666786780495
55	13852	0.0017029854249183453
56	13753	0.0016908142180841758
57	12921	0.0015885269040838825
58	12984	0.0015962722175238086
59	12561	0.0015442679701414479
60	12430	0.0015281626358457285
61	11793	0.001449848911064254
62	11590	0.001424891789980048
63	11441	0.001406573508987207
64	11028	0.0013557986764365804
65	10628	0.0013066220831672087
66	10238	0.0012586749047295712
67	9845	0.0012103589018424134
68	10041	0.0012344554325444056
69	9663	0.0011879835519048492
70	9219	0.0011333975333758465
71	9137	0.0011233163317556252
72	8702	0.0010698367865751835
73	8520	0.0010474614366376193
74	8126	0.0009990224922672881
75	7904	0.0009717294830027867
76	7709	0.000947755893783968
77	7534	0.0009262411342286178
78	7188	0.0008837033810506112
79	7013	0.000862188621495261
80	6709	0.0008248144106105385
81	6830	0.0008396903300745234
82	6404	0.0007873172582426425
83	6281	0.0007721954558123107
84	6007	0.000738509489422791
85	5721	0.0007033482252351901
86	5622	0.0006911770184010206
87	5424	0.0006668346047326816
88	5420	0.0006663428387999879
89	5281	0.0006492539726388811
90	4803	0.0005904879436819818
91	4832	0.0005940532466940113
92	4423	0.0005437701800760787
93	4509	0.0005543431476289936
94	4284	0.0005266813139149719
95	4180	0.0005138953996649353
96	4149	0.000510084213686559
97	3948	0.00048537297556869964
98	3616	0.000444556403155121
99	3781	0.00046484174787873693
100	3488	0.00042881989330892205
101	3392	0.00041701751092427283
102	3229	0.00039697804916700384
103	3125	0.0003841921349169672
104	2927	0.0003598497212486281
105	2986	0.0003671032687558605
106	2852	0.0003506291100106209
107	2750	0.0003380890787269311
108	2473	0.00030403428788789116
109	2508	0.0003083372397989612
110	2298	0.000282519528332541
111	2238	0.0002751430393421352
112	2168	0.00026653713551999514
113	2071	0.00025461181165217247
114	2031	0.0002496941523252353
115	1928	0.00023703117955837206
116	1956	0.00024047354108722808
117	1780	0.0002188358400487045
118	1735	0.00021330347330590017
119	1716	0.000210967585125605
120	1637	0.0002012552079549041
121	1533	0.00018846929370486742
122	1526	0.0001876087033226534
123	1328	0.00016326628965431436
124	1405	0.00017273278385866844
125	1331	0.00016363511410383464
126	1235	0.00015183273171918543
127	1219	0.00014986566798841055
128	1284	0.00015785686439468346
129	1095	0.0001346209240749053
130	954	0.00011728617494745174
131	994	0.00012220383427438892
132	976	0.00011999088757726718
133	976	0.00011999088757726718
134	865	0.00010634438294501651
135	878	0.0001079426222262711
136	781	9.601729835844843e-05
137	726	8.925551678390981e-05
138	726	8.925551678390981e-05
139	732	8.99931656829504e-05
140	754	9.269787831276584e-05
141	659	8.101843741129004e-05
142	653	8.028078851224946e-05
143	635	7.806784181512773e-05
144	548	6.737193277903937e-05
145	553	6.798664019490651e-05
146	512	6.29460393847959e-05
147	547	6.724899129586593e-05
148	547	6.724899129586593e-05
149	447	5.495484297852298e-05
150	416	5.114365700014667e-05
151	435	5.347954518044183e-05
152	400	4.91765932693718e-05
153	419	5.1512481449666956e-05
154	372	4.5734231740515774e-05
155	404	4.966835920206552e-05
156	331	4.069363093040516e-05
157	357	4.389010949291433e-05
158	298	3.663656198568199e-05
159	286	3.516126418760084e-05
160	312	3.8357742750110005e-05
161	247	3.0366546343837084e-05
162	250	3.073537079335737e-05
163	264	3.245655155778539e-05
164	247	3.0366546343837084e-05
165	197	2.421947218516561e-05
166	242	2.9751838927969936e-05
167	216	2.655536036546077e-05
168	232	2.8522424096235644e-05
169	181	2.225240845439074e-05
170	151	1.8564163959187854e-05
171	178	2.188358400487045e-05
172	161	1.9793578790922147e-05
173	180	2.2129466971217307e-05
174	145	1.7826515060147278e-05
175	160	1.967063730774872e-05
176	170	2.0900052139483015e-05
177	146	1.7949456543320706e-05
178	112	1.3769446115424104e-05
179	156	1.9178871375055002e-05
180	117	1.438415353129125e-05
181	110	1.3523563149077244e-05
182	103	1.2662972766863238e-05
183	112	1.3769446115424104e-05
184	98	1.204826535099609e-05
185	94	1.1556499418302372e-05
186	93	1.1433557935128943e-05
187	83	1.0204143103394648e-05
188	72	8.851786788486923e-06
189	80	9.83531865387436e-06
190	78	9.589435687527501e-06
191	69	8.482962338966635e-06
192	70	8.605903822140065e-06
193	65	7.991196406272917e-06
194	59	7.25354750723234e-06
195	67	8.237079372619775e-06
196	67	8.237079372619775e-06
197	61	7.499430473579199e-06
198	75	9.220611238007211e-06
199	48	5.901191192324616e-06
200	47	5.778249709151186e-06
201	53	6.515898608191763e-06
202	35	4.3029519110700325e-06
203	34	4.180010427896603e-06
204	46	5.655308225977757e-06
205	36	4.425893394243462e-06
206	38	4.671776360590321e-06
207	36	4.425893394243462e-06
208	26	3.196478562509167e-06
209	32	3.934127461549744e-06
210	25	3.0735370793357374e-06
211	28	3.442361528856026e-06
212	20	2.45882966346859e-06
213	23	2.8276541129888784e-06
214	37	4.5488348774168916e-06
215	12	1.475297798081154e-06
216	31	3.8111859783763145e-06
217	30	3.688244495202885e-06
218	12	1.475297798081154e-06
219	29	3.5653030120294555e-06
220	18	2.212946697121731e-06
221	19	2.3358881802951603e-06
222	13	1.5982392812545835e-06
223	32	3.934127461549744e-06
224	24	2.950595596162308e-06
225	24	2.950595596162308e-06
226	13	1.5982392812545835e-06
227	17	2.0900052139483013e-06
228	30	3.688244495202885e-06
229	13	1.5982392812545835e-06
230	15	1.8441222476014425e-06
231	15	1.8441222476014425e-06
232	6	7.37648899040577e-07
233	8	9.83531865387436e-07
234	5	6.147074158671475e-07
235	10	1.229414831734295e-06
236	11	1.3523563149077244e-06
237	13	1.5982392812545835e-06
238	5	6.147074158671475e-07
239	5	6.147074158671475e-07
240	4	4.91765932693718e-07
241	3	3.688244495202885e-07
242	12	1.475297798081154e-06
243	12	1.475297798081154e-06
244	13	1.5982392812545835e-06
245	9	1.1064733485608654e-06
246	5	6.147074158671475e-07
247	9	1.1064733485608654e-06
248	3	3.688244495202885e-07
249	4	4.91765932693718e-07
250	3	3.688244495202885e-07
251	2	2.45882966346859e-07
252	4	4.91765932693718e-07
253	6	7.37648899040577e-07
254	3	3.688244495202885e-07
255	8	9.83531865387436e-07
256	3	3.688244495202885e-07
257	1	1.229414831734295e-07
258	3	3.688244495202885e-07
259	4	4.91765932693718e-07
260	2	2.45882966346859e-07
261	1	1.229414831734295e-07
262	5	6.147074158671475e-07
264	3	3.688244495202885e-07
265	4	4.91765932693718e-07
266	3	3.688244495202885e-07
267	5	6.147074158671475e-07
268	1	1.229414831734295e-07
269	2	2.45882966346859e-07
270	3	3.688244495202885e-07
271	1	1.229414831734295e-07
273	3	3.688244495202885e-07
274	3	3.688244495202885e-07
275	5	6.147074158671475e-07
277	1	1.229414831734295e-07
278	3	3.688244495202885e-07
279	2	2.45882966346859e-07
281	1	1.229414831734295e-07
282	3	3.688244495202885e-07
290	1	1.229414831734295e-07
291	1	1.229414831734295e-07
292	2	2.45882966346859e-07
295	2	2.45882966346859e-07
298	2	2.45882966346859e-07
300	2	2.45882966346859e-07
304	1	1.229414831734295e-07
308	1	1.229414831734295e-07
312	1	1.229414831734295e-07
313	4	4.91765932693718e-07
320	1	1.229414831734295e-07
341	1	1.229414831734295e-07
342	1	1.229414831734295e-07
352	2	2.45882966346859e-07
