sample name :	CNTRL_164_s4_SNV
date of analysis :	28/08/2021
produced from code:	Watson_code_SSCS_calling: version 2.1
produced from function:	SSCS_calling_BAM
minimum family size required for SSCS consensus calling set to :	3
minimum proportion of identical nucleotides required at each base set to :	0.9
maximum proportion of Ns allowed :	1.0
minimum base quality set to:	20

total number of reads included in SSCS consensus calling:	190991499
total number of reads excluded due to non-common CIGAR:	1586449
total number of SSCS consensus reads (read 1 and read 2 separate):	13423488
total number of unpaired SSCS reads:	86106
total number of SSCS pairs:	6668691

UMI_family_size	count (read 1 and read 2 separate)	fraction	
1	4667250	0.24115613576440695
2	1262906	0.06525417125581105
3	1155622	0.059710822416698374
4	1173721	0.06064599514179345
5	1164555	0.060172389241013216
6	1092779	0.05646373365139919
7	983418	0.05081306652121947
8	849152	0.0438755616255006
9	712483	0.03681389406563436
10	592086	0.030592998403814808
11	491968	0.025419915753333067
12	413849	0.02138351826663754
13	355321	0.018359384930300465
14	312015	0.0161217701431317
15	278674	0.01439904547174682
16	254293	0.013139282710790795
17	234059	0.012093794842976341
18	217331	0.011229461490559606
19	204761	0.010579971399701266
20	191581	0.009898962696637387
21	179102	0.009254174562681839
22	169181	0.008741557920565243
23	158256	0.0081770647429497
24	148704	0.0076835142777246495
25	140150	0.007241530328862099
26	131640	0.006801819853666834
27	123014	0.006356115675166909
28	115503	0.005968023386190218
29	108787	0.005621008632792874
30	102187	0.005279987582700188
31	95377	0.004928115862831826
32	89271	0.004612619721640018
33	83222	0.004300068762244464
34	78763	0.004069672874007603
35	73058	0.0037748963451017287
36	68116	0.003519543916380812
37	63332	0.0032723553249196895
38	59357	0.0030669676470229585
39	55487	0.002867005304014066
40	51625	0.00266745631985377
41	48475	0.002504696273218625
42	44760	0.002312742757901303
43	41482	0.0021433689696886025
44	38903	0.0020101124108720817
45	35726	0.001845957278122921
46	33069	0.0017086704705325778
47	30934	0.0015983553278132016
48	28675	0.0014816331229405687
49	26573	0.001373023085471656
50	24754	0.0012790356172718688
51	22736	0.0011747658477132266
52	21337	0.001102479719064792
53	19885	0.0010274550880444014
54	18145	0.0009375495384745116
55	16895	0.0008729622183812
56	15852	0.0008190705584953408
57	13984	0.0007225512673478959
58	13314	0.0006879324637778808
59	12329	0.0006370376555443512
60	11353	0.0005866078760154935
61	10596	0.000547493794966984
62	9601	0.0004960822881727079
63	9152	0.00047288252279519043
64	8370	0.00043247669534481466
65	7739	0.00039987301616171094
66	7023	0.00036287739921226205
67	6467	0.00033414895923475704
68	5906	0.00030516216997687875
69	5460	0.0002821174141675852
70	5031	0.00025995104591156065
71	4557	0.00023545953413217687
72	4328	0.00022362713709108217
73	4062	0.00020988295537522546
74	3541	0.00018296296036033317
75	3295	0.00017025217576596946
76	3041	0.00015712803232300853
77	2634	0.00013609840090062625
78	2629	0.00013584005162025302
79	2372	0.00012256089860906814
80	2079	0.0001074216307791959
81	1957	0.00010111790833808868
82	1876	9.693264999604208e-05
83	1677	8.665034863718687e-05
84	1498	7.740144439982465e-05
85	1439	7.435292289142034e-05
86	1298	6.706747318489479e-05
87	1188	6.138378901668337e-05
88	1123	5.8025248371831166e-05
89	1018	5.2599913483992986e-05
90	967	4.9964750824185876e-05
91	818	4.2265942269063126e-05
92	787	4.0664176730749e-05
93	769	3.973411932140531e-05
94	620	3.203531076628257e-05
95	629	3.250033947095441e-05
96	558	2.883177968965431e-05
97	527	2.7230014151340183e-05
98	462	2.387147350648798e-05
99	446	2.3044755809293588e-05
100	415	2.144299027097946e-05
101	391	2.0202913725187876e-05
102	360	1.860114818687375e-05
103	348	1.7981109913977957e-05
104	318	1.6431014231738478e-05
105	248	1.2814124306513026e-05
106	214	1.105734919997495e-05
107	204	1.0540650639228457e-05
108	207	1.0695660207452405e-05
109	163	8.422186540167836e-06
110	176	9.093894669138278e-06
111	134	6.923760714003006e-06
112	139	7.182109994376253e-06
113	122	6.303722441107215e-06
114	134	6.923760714003006e-06
115	134	6.923760714003006e-06
116	113	5.838693736435371e-06
117	91	4.701956902793086e-06
118	88	4.546947334569139e-06
119	87	4.495277478494489e-06
120	80	4.133588485971944e-06
121	66	3.410210500926854e-06
122	64	3.3068707887775555e-06
123	57	2.94518179625501e-06
124	54	2.7901722280310624e-06
125	35	1.8084449626127256e-06
126	40	2.066794242985972e-06
127	41	2.1184640990606213e-06
128	31	1.6017655383141283e-06
129	33	1.705105250463427e-06
130	34	1.7567751065380762e-06
131	17	8.783875532690381e-07
132	40	2.066794242985972e-06
133	29	1.4984258261648297e-06
134	24	1.2400765457915831e-06
135	11	5.683684168211424e-07
136	11	5.683684168211424e-07
137	16	8.267176971943889e-07
138	11	5.683684168211424e-07
139	13	6.717081289704409e-07
140	8	4.1335884859719443e-07
141	8	4.1335884859719443e-07
142	7	3.616889925225451e-07
143	17	8.783875532690381e-07
144	5	2.583492803732465e-07
145	9	4.650287046718437e-07
146	12	6.200382728957916e-07
147	5	2.583492803732465e-07
148	4	2.0667942429859722e-07
149	4	2.0667942429859722e-07
150	16	8.267176971943889e-07
151	3	1.550095682239479e-07
152	9	4.650287046718437e-07
153	3	1.550095682239479e-07
154	7	3.616889925225451e-07
155	9	4.650287046718437e-07
156	5	2.583492803732465e-07
157	7	3.616889925225451e-07
158	1	5.1669856074649304e-08
159	2	1.0333971214929861e-07
160	1	5.1669856074649304e-08
161	1	5.1669856074649304e-08
162	5	2.583492803732465e-07
163	2	1.0333971214929861e-07
166	2	1.0333971214929861e-07
168	2	1.0333971214929861e-07
171	2	1.0333971214929861e-07
174	2	1.0333971214929861e-07
175	2	1.0333971214929861e-07
176	2	1.0333971214929861e-07
177	2	1.0333971214929861e-07
180	2	1.0333971214929861e-07
185	2	1.0333971214929861e-07
186	2	1.0333971214929861e-07
187	2	1.0333971214929861e-07
201	2	1.0333971214929861e-07
