sample name :	CNTRL_004_s4_SNV
date of analysis :	01/09/2021
produced from code:	Watson_code_SSCS_calling: version 2.1
produced from function:	SSCS_calling_BAM
minimum family size required for SSCS consensus calling set to :	3
minimum proportion of identical nucleotides required at each base set to :	0.9
maximum proportion of Ns allowed :	1.0
minimum base quality set to:	20

total number of reads included in SSCS consensus calling:	103049734
total number of reads excluded due to non-common CIGAR:	914505
total number of SSCS consensus reads (read 1 and read 2 separate):	5594258
total number of unpaired SSCS reads:	44150
total number of SSCS pairs:	2775054

UMI_family_size	count (read 1 and read 2 separate)	fraction	
1	2385468	0.2768524030194087
2	636663	0.07388976983281512
3	576241	0.06687731948963771
4	587978	0.06823949104433423
5	585577	0.06796083603003532
6	548988	0.06371439358181252
7	482663	0.0560168534637886
8	401837	0.04663635775961369
9	317974	0.036903394217693744
10	241148	0.02798713010751952
11	178653	0.02073409174075126
12	128753	0.014942802605592668
13	93576	0.01086023391005211
14	69050	0.00801379789143689
15	53097	0.006162326236663642
16	42328	0.004912498727715288
17	35540	0.004124697712696119
18	31617	0.0036694025768799435
19	28879	0.003351636050786472
20	27121	0.0031476062652231697
21	25541	0.0029642347855928976
22	25061	0.0029085269943128146
23	24166	0.002804655175155161
24	23772	0.002758928363146093
25	23186	0.002690918434624992
26	22697	0.0026341661222584077
27	22204	0.002576949578297823
28	22248	0.0025820561258318303
29	21324	0.0024748186276176715
30	21165	0.002456365421756144
31	20693	0.002401586093664063
32	20554	0.002385454045772539
33	20455	0.002373964313821022
34	20160	0.002339727233763471
35	19647	0.0022801895318328826
36	19350	0.0022457203359783316
37	19140	0.0022213481772932952
38	18708	0.002171211165141221
39	18364	0.0021312872480571616
40	18133	0.002104477873503622
41	17527	0.002034146787012518
42	17370	0.0020159256969479906
43	17122	0.001987143338119948
44	16741	0.0019429252787913824
45	16413	0.0019048582880833258
46	16434	0.0019072955039518295
47	16081	0.0018663270657812688
48	15620	0.0018128243745726893
49	15568	0.0018067893638506803
50	15022	0.0017434217512695865
51	14678	0.001703497834185527
52	14583	0.0016924723338280108
53	13828	0.0016048486204603809
54	13922	0.001615758062919397
55	13691	0.0015889486883658571
56	13452	0.0015612108506243162
57	13173	0.001528830696942768
58	12761	0.001481014842760697
59	12568	0.0014586156683501638
60	12386	0.0014374931308231325
61	12210	0.0014170669406871022
62	11384	0.00132120311652596
63	11648	0.0013518424017300054
64	11608	0.0013472000857899986
65	11023	0.0012793062151673978
66	10861	0.00126050483561037
67	10548	0.001224178713379816
68	10447	0.0012124568656312986
69	10013	0.001162087737682224
70	9740	0.001130403931391677
71	9481	0.0011003449356801324
72	9151	0.0010620458291750756
73	9069	0.0010525290814980615
74	9039	0.0010490473445430562
75	8668	0.0010059898641994925
76	8438	0.0009792965475444529
77	8270	0.0009597988205964238
78	8019	0.0009306682880728806
79	7802	0.0009054837240983432
80	7449	0.0008645152859277825
81	7426	0.0008618459542622785
82	7276	0.0008444372694872527
83	7153	0.0008301621479717315
84	6858	0.0007959250679141807
85	6618	0.0007680711722741395
86	6560	0.0007613398141611294
87	6436	0.0007469486347471081
88	6349	0.0007368515975775932
89	5916	0.0006865985275270186
90	5973	0.0006932138277415283
91	5733	0.0006653599321014871
92	5657	0.000656539531815474
93	5451	0.0006326316047244385
94	5263	0.0006108127198064062
95	5044	0.0005853960400348684
96	5032	0.0005840033452528664
97	4739	0.0005499983809923159
98	4578	0.0005313130593337882
99	4524	0.0005250459328147789
100	4453	0.0005168058220212667
101	4305	0.0004996292530432412
102	4187	0.0004859344210202209
103	4127	0.0004789709471102106
104	3874	0.000449608298789667
105	3775	0.00043811856683814997
106	3738	0.0004338244245936436
107	3426	0.00039761436026158984
108	3473	0.0004030690814910979
109	3301	0.00038310712294906834
110	3131	0.0003633772802040391
111	3042	0.00035304812723752375
112	2922	0.0003391211794175031
113	2808	0.00032589057898848347
114	2713	0.0003148650786309671
115	2795	0.00032438182630798124
116	2642	0.0003066249678374549
117	2584	0.0002998936097244449
118	2382	0.0002764499142274101
119	2374	0.0002755214510394087
120	2226	0.0002583448820613833
121	2356	0.0002734324088664056
122	2224	0.0002581127662643829
123	2135	0.0002477836132978676
124	2136	0.00024789967119636774
125	1881	0.00021830490707882387
126	1899	0.00022039394925182695
127	1811	0.00021018085418381181
128	1796	0.00020843998570630923
129	1689	0.0001960217905667908
130	1731	0.00020089622230379803
131	1504	0.00017455107934425895
132	1548	0.00017965762687826653
133	1505	0.0001746671372427591
134	1336	0.00015505335239623003
135	1356	0.00015737451036623346
136	1360	0.00015783874196023415
137	1231	0.00014286727305371194
138	1330	0.000154357005005229
139	1211	0.0001405461150837085
140	1096	0.0001271994567561887
141	1143	0.0001326541779856968
142	1049	0.00012174473552668061
143	986	0.00011443308792116975
144	1029	0.00011942357755667716
145	939	0.00010897836669166167
146	970	0.000112576161545167
147	819	9.505141887164101e-05
148	849	9.853315582664617e-05
149	807	9.365872408963895e-05
150	802	9.307843459713808e-05
151	795	9.226602930763687e-05
152	749	8.692736597662896e-05
153	648	7.520551822811157e-05
154	712	8.263322373212258e-05
155	632	7.334859185210882e-05
156	568	6.592088634809779e-05
157	598	6.940262330310296e-05
158	511	5.930558613358798e-05
159	561	6.510848105859659e-05
160	539	6.25552072915928e-05
161	518	6.011799142308919e-05
162	465	5.396692280258006e-05
163	460	5.33866333100792e-05
164	439	5.0949417441575586e-05
165	462	5.361874910707954e-05
166	449	5.210999642657731e-05
167	387	4.491440671956663e-05
168	409	4.746768048657042e-05
169	365	4.236113295256284e-05
170	345	4.0039974982559396e-05
171	353	4.096843817056078e-05
172	324	3.7602759114055785e-05
173	351	4.0736322373560434e-05
174	319	3.702246962155492e-05
175	268	3.110351679804614e-05
176	245	2.8434185132542183e-05
177	303	3.5165543245552166e-05
178	251	2.9130532523543214e-05
179	258	2.994293781304442e-05
180	251	2.9130532523543214e-05
181	243	2.8202069335541837e-05
182	218	2.5300621873037533e-05
183	222	2.5764853467038222e-05
184	220	2.553273767003788e-05
185	192	2.2283116512033057e-05
186	179	2.077436383153082e-05
187	172	1.9961958542029615e-05
188	186	2.1586769121032023e-05
189	185	2.1470711222531853e-05
190	170	1.972984274502927e-05
191	177	2.0542248034530473e-05
192	141	1.6364163688524277e-05
193	130	1.5087526805022382e-05
194	112	1.2998484632019284e-05
195	112	1.2998484632019284e-05
196	112	1.2998484632019284e-05
197	104	1.2070021444017905e-05
198	101	1.172184774851739e-05
199	132	1.5319642602022728e-05
200	93	1.0793384560516011e-05
201	108	1.2534253038018594e-05
202	101	1.172184774851739e-05
203	112	1.2998484632019284e-05
204	99	1.1489731951517046e-05
205	89	1.0329152966515323e-05
206	69	8.00799499651188e-06
207	77	8.936458184513258e-06
208	79	9.168573981513602e-06
209	78	9.052516083013429e-06
210	65	7.543763402511191e-06
211	68	7.891937098011708e-06
212	48	5.570779128008264e-06
213	66	7.659821301011364e-06
214	62	7.1955897070106745e-06
215	64	7.427705504011019e-06
216	56	6.499242316009642e-06
217	52	6.035010722008953e-06
218	52	6.035010722008953e-06
219	53	6.151068620509125e-06
220	46	5.33866333100792e-06
221	54	6.267126519009297e-06
222	50	5.8028949250086085e-06
223	50	5.8028949250086085e-06
224	50	5.8028949250086085e-06
225	56	6.499242316009642e-06
226	48	5.570779128008264e-06
227	51	5.9189528235087806e-06
228	45	5.222605432507748e-06
229	28	3.249621158004821e-06
230	42	4.874431737007231e-06
231	35	4.062026447506026e-06
232	29	3.365679056504993e-06
233	31	3.5977948535053373e-06
234	22	2.553273767003788e-06
235	24	2.785389564004132e-06
236	18	2.089042173003099e-06
237	31	3.5977948535053373e-06
238	14	1.6248105790024105e-06
239	14	1.6248105790024105e-06
240	31	3.5977948535053373e-06
241	23	2.66933166550396e-06
242	23	2.66933166550396e-06
243	25	2.9014474625043042e-06
244	13	1.5087526805022382e-06
245	22	2.553273767003788e-06
246	17	1.972984274502927e-06
247	5	5.802894925008608e-07
248	18	2.089042173003099e-06
249	6	6.96347391001033e-07
250	19	2.205100071503271e-06
251	11	1.276636883501894e-06
252	16	1.8569263760027547e-06
253	15	1.7408684775025826e-06
254	11	1.276636883501894e-06
255	14	1.6248105790024105e-06
256	12	1.392694782002066e-06
257	6	6.96347391001033e-07
258	14	1.6248105790024105e-06
259	11	1.276636883501894e-06
260	13	1.5087526805022382e-06
261	2	2.3211579700034434e-07
262	6	6.96347391001033e-07
263	7	8.124052895012052e-07
264	8	9.284631880013773e-07
265	10	1.1605789850017217e-06
266	7	8.124052895012052e-07
267	6	6.96347391001033e-07
268	6	6.96347391001033e-07
269	7	8.124052895012052e-07
271	2	2.3211579700034434e-07
272	4	4.6423159400068867e-07
273	2	2.3211579700034434e-07
274	4	4.6423159400068867e-07
275	11	1.276636883501894e-06
276	3	3.481736955005165e-07
277	7	8.124052895012052e-07
278	7	8.124052895012052e-07
279	4	4.6423159400068867e-07
280	9	1.0445210865015496e-06
281	5	5.802894925008608e-07
282	12	1.392694782002066e-06
283	10	1.1605789850017217e-06
284	6	6.96347391001033e-07
285	5	5.802894925008608e-07
286	6	6.96347391001033e-07
287	10	1.1605789850017217e-06
288	3	3.481736955005165e-07
289	4	4.6423159400068867e-07
290	6	6.96347391001033e-07
291	4	4.6423159400068867e-07
292	3	3.481736955005165e-07
293	4	4.6423159400068867e-07
294	3	3.481736955005165e-07
295	1	1.1605789850017217e-07
296	4	4.6423159400068867e-07
297	2	2.3211579700034434e-07
298	6	6.96347391001033e-07
299	5	5.802894925008608e-07
300	2	2.3211579700034434e-07
301	2	2.3211579700034434e-07
302	3	3.481736955005165e-07
303	2	2.3211579700034434e-07
304	3	3.481736955005165e-07
305	2	2.3211579700034434e-07
306	4	4.6423159400068867e-07
307	4	4.6423159400068867e-07
308	3	3.481736955005165e-07
309	1	1.1605789850017217e-07
310	1	1.1605789850017217e-07
311	2	2.3211579700034434e-07
312	1	1.1605789850017217e-07
314	2	2.3211579700034434e-07
316	1	1.1605789850017217e-07
317	4	4.6423159400068867e-07
318	2	2.3211579700034434e-07
320	4	4.6423159400068867e-07
321	2	2.3211579700034434e-07
323	1	1.1605789850017217e-07
324	3	3.481736955005165e-07
327	1	1.1605789850017217e-07
329	1	1.1605789850017217e-07
333	1	1.1605789850017217e-07
334	1	1.1605789850017217e-07
339	1	1.1605789850017217e-07
340	2	2.3211579700034434e-07
350	2	2.3211579700034434e-07
372	2	2.3211579700034434e-07
386	1	1.1605789850017217e-07
390	1	1.1605789850017217e-07
