sample name :	CNTRL_005_s6_SNV
date of analysis :	21/08/2021
produced from code:	Watson_code_SSCS_calling: version 2.1
produced from function:	SSCS_calling_BAM
minimum family size required for SSCS consensus calling set to :	3
minimum proportion of identical nucleotides required at each base set to :	0.9
maximum proportion of Ns allowed :	1.0
minimum base quality set to:	20

total number of reads included in SSCS consensus calling:	70254655
total number of reads excluded due to non-common CIGAR:	602807
total number of SSCS consensus reads (read 1 and read 2 separate):	3852590
total number of unpaired SSCS reads:	29186
total number of SSCS pairs:	1911702

UMI_family_size	count (read 1 and read 2 separate)	fraction	
1	1671519	0.27751381659425767
2	499083	0.08286021763875367
3	457168	0.07590128290780038
4	454039	0.07538179091750687
5	434562	0.07214812345347782
6	389222	0.064620553354434
7	327857	0.054432433832426394
8	263442	0.04373793828919948
9	199022	0.03304261262134762
10	145730	0.024194812318783794
11	103943	0.017257128778229217
12	74446	0.01235989156580099
13	53111	0.008817749791140644
14	39518	0.006560972985752405
15	30713	0.005099123521215993
16	25186	0.004181503760796601
17	21599	0.00358597235485769
18	19547	0.0032452892087783355
19	17783	0.0029524212410960834
20	16994	0.0028214275752790215
21	16543	0.002746550334108559
22	15940	0.0026464373043396257
23	15793	0.0026220316403661047
24	15049	0.0024985090961735902
25	14660	0.002433925400352504
26	14482	0.002404372963704295
27	14167	0.0023520751123324644
28	14148	0.0023489206387576553
29	13822	0.0022947965132109355
30	13749	0.0022826766936866697
31	13410	0.0022263942441150806
32	13134	0.0021805713648178574
33	13009	0.002159818249194115
34	12827	0.002129601712845946
35	12799	0.002124953014946228
36	12184	0.0020228476860774153
37	12354	0.002051071923325705
38	11924	0.0019796812055800314
39	11392	0.0018913559454853837
40	11932	0.0019810094049799508
41	11591	0.0019243949055583816
42	11277	0.0018722630791115408
43	10931	0.001814818455065022
44	10978	0.0018226216265395492
45	10888	0.0018076793832904547
46	10740	0.0017831076943919436
47	10435	0.0017324700922700122
48	10236	0.0016994311321970146
49	9876	0.0016396621592006365
50	9856	0.0016363416607008377
51	9739	0.001616916744477015
52	9494	0.0015762406378544798
53	9494	0.0015762406378544798
54	9030	0.0014992050726591482
55	9073	0.0015063441444337156
56	9096	0.0015101627177084842
57	8599	0.0014276483299884846
58	8392	0.001393281170515567
59	8296	0.001377342777716533
60	8232	0.0013667171825171769
61	8090	0.0013431416431686056
62	7886	0.0013092725584706582
63	7758	0.0012880213680719458
64	7701	0.0012785579473475195
65	7414	0.001230908793875407
66	7302	0.0012123140022765337
67	7186	0.001193055110977701
68	6877	0.0011417534091558098
69	6797	0.0011284714151566146
70	6612	0.001097756804033476
71	6447	0.001070362691410136
72	6470	0.0010741812646849046
73	6241	0.0010361615568622085
74	6091	0.0010112578181137178
75	5917	0.0009823694811654684
76	5844	0.0009702496616412028
77	5650	0.0009380408261931547
78	5457	0.0009059980156700965
79	5436	0.0009025114922453078
80	5286	0.000877607753496817
81	5076	0.0008427425192489298
82	5106	0.000847723266998628
83	5118	0.0008497155660985073
84	4742	0.0007872901943022902
85	4724	0.0007843017456524714
86	4537	0.0007532550846793527
87	4594	0.0007627185054037793
88	4342	0.0007208802243063146
89	4384	0.0007278532711558921
90	4282	0.0007109187288069183
91	4033	0.0006695785224844236
92	3953	0.0006562965284852285
93	3973	0.0006596170269850272
94	3762	0.0006245857678121501
95	3652	0.0006063230260632568
96	3361	0.0005580097728911846
97	3498	0.0005807551876148063
98	3369	0.0005593379722911041
99	3197	0.0005307816851928347
100	3046	0.0005057119215193538
101	2916	0.0004841286812706618
102	3008	0.0004994029743697362
103	2814	0.00046719413892168805
104	2725	0.00045241792059758345
105	2832	0.00047018258757150694
106	2605	0.0004324949295987908
107	2621	0.00043515132839862984
108	2450	0.0004067610662253503
109	2409	0.00039995404430076276
110	2276	0.0003778727292771009
111	2392	0.0003971316205759338
112	2278	0.00037820477912708076
113	2133	0.00035413116500353963
114	2028	0.00033669854787959604
115	2012	0.00033404214907975705
116	1923	0.0003192659307556525
117	1890	0.0003137871082309845
118	1876	0.00031146275928112537
119	1819	0.00030199933855669885
120	1668	0.00027692957488321805
121	1620	0.000268960378483701
122	1499	0.0002488713625599184
123	1603	0.00026613795475887206
124	1469	0.00024389061481022023
125	1394	0.00023143874543597482
126	1383	0.0002296124712610855
127	1430	0.0002374156427356126
128	1277	0.00021201382921215195
129	1226	0.00020354655803766507
130	1250	0.0002075311562374236
131	1242	0.0002062029568375041
132	1068	0.00017731461988925473
133	1109	0.00018412164181384223
134	1105	0.00018345754211388247
135	1033	0.00017150374751460687
136	1045	0.00017349604661448615
137	998	0.000165692875139959
138	981	0.00016287045141513004
139	924	0.00015340703069070352
140	867	0.000143943609966277
141	897	0.00014892435771597518
142	815	0.0001353103138668002
143	776	0.00012883534179219258
144	727	0.00012070012046768557
145	729	0.00012103217031766545
146	661	0.0001097424754183496
147	641	0.00010642197691855083
148	670	0.00011123669974325905
149	587	9.745663096909412e-05
150	636	0.00010559185229360113
151	673	0.00011173477451822887
152	578	9.596240664418467e-05
153	566	9.397010754430541e-05
154	507	8.417463696989901e-05
155	527	8.74951354696978e-05
156	487	8.085413847010024e-05
157	481	7.985798892016061e-05
158	459	7.620544057038195e-05
159	414	6.87343189458347e-05
160	404	6.707406969593532e-05
161	375	6.225934687122708e-05
162	393	6.524779552104598e-05
163	350	5.8108723746478614e-05
164	364	6.0433072696337755e-05
165	326	5.412412554672008e-05
166	350	5.8108723746478614e-05
167	337	5.595039972160941e-05
168	277	4.598890422221307e-05
169	294	4.881132794704203e-05
170	271	4.4992754672273436e-05
171	242	4.0178031847565215e-05
172	264	4.383058019734387e-05
173	278	4.615492914720301e-05
174	250	4.150623124748472e-05
175	233	3.868380752265576e-05
176	272	4.5158779597263376e-05
177	196	3.2540885298028025e-05
178	212	3.5197284097867046e-05
179	190	3.154473574808839e-05
180	184	3.054858619814876e-05
181	196	3.2540885298028025e-05
182	146	2.423963904853108e-05
183	170	2.822423724828961e-05
184	156	2.5899888298430466e-05
185	135	2.241336487364175e-05
186	131	2.1749265173681995e-05
187	142	2.3575539348571322e-05
188	116	1.925889129883291e-05
189	124	2.058709069875242e-05
190	160	2.6563987998390223e-05
191	141	2.3409514423581382e-05
192	137	2.2745414723621628e-05
193	135	2.241336487364175e-05
194	106	1.7598642048933523e-05
195	96	1.5938392799034132e-05
196	113	1.8760816523863093e-05
197	111	1.8428766673883217e-05
198	88	1.4610193399114622e-05
199	106	1.7598642048933523e-05
200	82	1.3614043849174988e-05
201	93	1.5440318024064316e-05
202	94	1.5606342949054256e-05
203	81	1.344801892418505e-05
204	72	1.19537945992756e-05
205	81	1.344801892418505e-05
206	94	1.5606342949054256e-05
207	58	9.629445649416455e-06
208	50	8.301246249496945e-06
209	64	1.0625595199356089e-05
210	49	8.135221324507006e-06
211	65	1.0791620124346027e-05
212	47	7.803171474527128e-06
213	60	9.961495499396334e-06
214	51	8.467271174486883e-06
215	42	6.973046849577433e-06
216	48	7.969196399517066e-06
217	43	7.139071774567373e-06
218	37	6.142922224627739e-06
219	47	7.803171474527128e-06
220	58	9.629445649416455e-06
221	47	7.803171474527128e-06
222	39	6.4749720746076165e-06
223	35	5.810872374647861e-06
224	40	6.640996999597556e-06
225	32	5.3127975996780444e-06
226	43	7.139071774567373e-06
227	22	3.6525483497786555e-06
228	24	3.984598199758533e-06
229	19	3.154473574808839e-06
230	24	3.984598199758533e-06
231	28	4.648697899718289e-06
232	24	3.984598199758533e-06
233	30	4.980747749698167e-06
234	23	3.818573274768595e-06
235	21	3.4865234247887167e-06
236	23	3.818573274768595e-06
237	17	2.822423724828961e-06
238	17	2.822423724828961e-06
239	12	1.9922990998792666e-06
240	17	2.822423724828961e-06
241	22	3.6525483497786555e-06
242	16	2.6563987998390222e-06
243	13	2.1583240248692054e-06
244	11	1.8262741748893277e-06
245	19	3.154473574808839e-06
246	14	2.3243489498591446e-06
247	12	1.9922990998792666e-06
248	13	2.1583240248692054e-06
249	20	3.320498499798778e-06
250	16	2.6563987998390222e-06
251	11	1.8262741748893277e-06
252	10	1.660249249899389e-06
253	8	1.3281993999195111e-06
254	20	3.320498499798778e-06
255	5	8.301246249496945e-07
256	17	2.822423724828961e-06
257	4	6.640996999597556e-07
258	11	1.8262741748893277e-06
259	6	9.961495499396333e-07
260	10	1.660249249899389e-06
261	12	1.9922990998792666e-06
262	12	1.9922990998792666e-06
263	9	1.49422432490945e-06
264	5	8.301246249496945e-07
265	2	3.320498499798778e-07
266	7	1.1621744749295723e-06
267	11	1.8262741748893277e-06
268	11	1.8262741748893277e-06
269	9	1.49422432490945e-06
270	5	8.301246249496945e-07
271	1	1.660249249899389e-07
272	3	4.980747749698166e-07
273	5	8.301246249496945e-07
274	1	1.660249249899389e-07
275	1	1.660249249899389e-07
276	3	4.980747749698166e-07
278	5	8.301246249496945e-07
279	6	9.961495499396333e-07
280	6	9.961495499396333e-07
281	4	6.640996999597556e-07
282	3	4.980747749698166e-07
283	5	8.301246249496945e-07
284	5	8.301246249496945e-07
285	4	6.640996999597556e-07
286	2	3.320498499798778e-07
287	3	4.980747749698166e-07
289	1	1.660249249899389e-07
290	2	3.320498499798778e-07
291	5	8.301246249496945e-07
292	1	1.660249249899389e-07
293	2	3.320498499798778e-07
295	2	3.320498499798778e-07
296	2	3.320498499798778e-07
297	2	3.320498499798778e-07
298	2	3.320498499798778e-07
299	3	4.980747749698166e-07
300	2	3.320498499798778e-07
301	3	4.980747749698166e-07
302	1	1.660249249899389e-07
303	5	8.301246249496945e-07
306	3	4.980747749698166e-07
307	1	1.660249249899389e-07
308	1	1.660249249899389e-07
312	2	3.320498499798778e-07
313	2	3.320498499798778e-07
316	1	1.660249249899389e-07
317	1	1.660249249899389e-07
318	4	6.640996999597556e-07
320	2	3.320498499798778e-07
323	2	3.320498499798778e-07
327	1	1.660249249899389e-07
328	1	1.660249249899389e-07
329	1	1.660249249899389e-07
330	1	1.660249249899389e-07
332	2	3.320498499798778e-07
333	1	1.660249249899389e-07
334	2	3.320498499798778e-07
339	2	3.320498499798778e-07
342	1	1.660249249899389e-07
344	1	1.660249249899389e-07
345	1	1.660249249899389e-07
347	1	1.660249249899389e-07
360	2	3.320498499798778e-07
361	1	1.660249249899389e-07
362	1	1.660249249899389e-07
379	1	1.660249249899389e-07
380	1	1.660249249899389e-07
404	2	3.320498499798778e-07
