sample name :	CNTRL_161_s6_SNV
date of analysis :	03/09/2021
produced from code:	Watson_code_SSCS_calling: version 2.1
produced from function:	SSCS_calling_BAM
minimum family size required for SSCS consensus calling set to :	3
minimum proportion of identical nucleotides required at each base set to :	0.9
maximum proportion of Ns allowed :	1.0
minimum base quality set to:	20

total number of reads included in SSCS consensus calling:	87087458
total number of reads excluded due to non-common CIGAR:	731367
total number of SSCS consensus reads (read 1 and read 2 separate):	4419603
total number of unpaired SSCS reads:	35789
total number of SSCS pairs:	2191907

UMI_family_size	count (read 1 and read 2 separate)	fraction	
1	1988886	0.2865819647623748
2	531536	0.07658992582879745
3	480485	0.06923390045424908
4	474327	0.06834658376590863
5	449360	0.0647490462930609
6	401645	0.05787371082957194
7	337761	0.048668556669464444
8	269370	0.03881398121764691
9	206269	0.029721650858606417
10	154437	0.02225308986639097
11	113899	0.01641190053349952
12	85813	0.012364941048483255
13	65388	0.009421868076844104
14	52279	0.007532969982096606
15	43245	0.00623124556467736
16	37709	0.005433553913710685
17	34229	0.004932114797857356
18	31515	0.004541049924171743
19	29911	0.0043099268374393465
20	28342	0.0040838469602054745
21	27617	0.0039793804777360315
22	26958	0.003884424047463806
23	26275	0.003786009416392592
24	25453	0.003667566039027237
25	24699	0.0035589208972590155
26	24617	0.003547105377862472
27	23800	0.0034293824589969055
28	23225	0.00334652973152114
29	23046	0.0033207373172286845
30	22719	0.0032736193313424662
31	22264	0.0032080576078616432
32	21772	0.0031371644914823795
33	21321	0.0030721791348013875
34	21382	0.0030809687284988167
35	20605	0.002969009477631565
36	20209	0.002911949164448255
37	19841	0.002858923418863765
38	19306	0.0027818343593863136
39	19441	0.002801286738880624
40	18930	0.0027276558802021606
41	18404	0.00265186364602433
42	18062	0.0026025842846387442
43	18030	0.002597973350240093
44	17138	0.0024694435538776876
45	17369	0.0025027287365679517
46	16264	0.0023435074081145243
47	16587	0.002390049027200911
48	15945	0.002297542155827969
49	15691	0.002260942864038674
50	15229	0.002194372498658146
51	14991	0.002160078674068177
52	14487	0.002087456457289419
53	14097	0.0020312606943058563
54	13979	0.0020142578737108296
55	13654	0.0019674280712245274
56	13177	0.0018986963303446313
57	12791	0.0018430769341609
58	12501	0.0018012903411731226
59	12387	0.0017848638873779272
60	12139	0.0017491291457883797
61	11841	0.0017061898192009394
62	11681	0.001683135147207683
63	11018	0.0015876023501356262
64	10695	0.0015410607310492397
65	10684	0.0015394757223497033
66	10387	0.001496680487462221
67	9880	0.0014236259955835893
68	9965	0.001435873790080007
69	9645	0.0013897644460934939
70	9232	0.0013302545740109006
71	8950	0.0012896207146227859
72	8529	0.0012289581089405298
73	8375	0.0012067679871470205
74	8167	0.001176796913555787
75	7970	0.0011484108486640898
76	7568	0.001090485985281033
77	7509	0.0010819845749835196
78	7440	0.0010720422476864276
79	7120	0.0010259329036999146
80	6896	0.0009936563629093554
81	6583	0.0009485556608225475
82	6451	0.0009295355564281108
83	6327	0.0009116681856333371
84	5994	0.0008636856495473719
85	5693	0.0008203140478600582
86	5655	0.0008148385632616598
87	5514	0.0007945216335676024
88	5339	0.0007693055860749781
89	5249	0.0007563373330787713
90	4901	0.0007061934214934384
91	4770	0.0006873174087989596
92	4611	0.000664406828505661
93	4399	0.0006338593881145961
94	4347	0.0006263666197167878
95	4232	0.0006097960742216346
96	3914	0.0005639749136350374
97	3833	0.0005523034859384512
98	3789	0.0005459634511403057
99	3642	0.0005247819712465013
100	3424	0.0004933699806556893
101	3369	0.00048544493715800736
102	3211	0.00046267844856466653
103	3099	0.000446540178169387
104	3122	0.0004498542872684176
105	2943	0.0004240618729759619
106	2866	0.00041296681207920723
107	2682	0.0003864539392869622
108	2608	0.0003757911534900811
109	2540	0.0003659929178929471
110	2266	0.0003265117921044953
111	2351	0.0003387595866009128
112	2227	0.00032089221580613905
113	2082	0.0002999989193122503
114	2113	0.0003044657620109438
115	1991	0.0002868865746160857
116	1779	0.0002563391342250208
117	1807	0.0002603737018238407
118	1839	0.000264984636222492
119	1723	0.000248269999027381
120	1628	0.00023458128753138497
121	1610	0.00023198763693214362
122	1517	0.00021858710883606328
123	1335	0.000192362419443734
124	1434	0.00020662749773956145
125	1324	0.0001907774107441976
126	1276	0.00018386100914622065
127	1230	0.0001772327909481594
128	1101	0.00015864496165359635
129	1087	0.0001566276778541864
130	1027	0.0001479821758567152
131	1008	0.000145244433557516
132	958	0.00013803984855962335
133	1000	0.00014409169995785318
134	930	0.00013400528096080345
135	868	0.00012507159556341655
136	849	0.00012233385326421733
137	766	0.00011037424216771554
138	796	0.00011469699316645113
139	714	0.00010288147376990717
140	659	9.495643027222524e-05
141	695	0.00010014373147070796
142	626	9.020140417361608e-05
143	616	8.876048717403756e-05
144	589	8.487001127517553e-05
145	596	8.58786531748805e-05
146	532	7.66567843775779e-05
147	518	7.463950057816795e-05
148	501	7.218994167888444e-05
149	410	5.90775969827198e-05
150	433	6.239170608175042e-05
151	411	5.922168868267766e-05
152	451	6.498535668099178e-05
153	434	6.253579778170827e-05
154	403	5.806895508301483e-05
155	392	5.648394638347845e-05
156	348	5.0143911585332905e-05
157	304	4.380387678718737e-05
158	284	4.09220427880303e-05
159	267	3.84724838887468e-05
160	302	4.351569338727166e-05
161	311	4.481251868689234e-05
162	230	3.314109099030623e-05
163	227	3.2708815890432675e-05
164	227	3.2708815890432675e-05
165	231	3.3285182690264084e-05
166	231	3.3285182690264084e-05
167	197	2.8386064891697077e-05
168	214	3.083562379098058e-05
169	210	3.025925699114917e-05
170	195	2.8097881491781368e-05
171	183	2.6368781092287132e-05
172	157	2.262239689338295e-05
173	165	2.3775130493045774e-05
174	169	2.4351497292877187e-05
175	123	1.772327909481594e-05
176	120	1.7291003994942382e-05
177	148	2.132557159376227e-05
178	123	1.772327909481594e-05
179	137	1.9740562894225884e-05
180	111	1.5994178695321703e-05
181	112	1.6138270395279555e-05
182	103	1.4841445095658878e-05
183	106	1.5273720195532437e-05
184	104	1.498553679561673e-05
185	74	1.0662785796881136e-05
186	72	1.0374602396965429e-05
187	87	1.2535977896333226e-05
188	85	1.224779449641752e-05
189	71	1.0230510697007575e-05
190	82	1.181551939654396e-05
191	62	8.933685397386898e-06
192	68	9.798235597134016e-06
193	71	1.0230510697007575e-05
194	37	5.331392898440568e-06
195	52	7.492768397808365e-06
196	46	6.628218198061246e-06
197	63	9.07777709734475e-06
198	49	7.060493297934806e-06
199	40	5.763667998314127e-06
200	45	6.484126498103393e-06
201	44	6.340034798145539e-06
202	38	5.475484598398421e-06
203	32	4.610934398651302e-06
204	43	6.195943098187687e-06
205	43	6.195943098187687e-06
206	22	3.1700173990727697e-06
207	32	4.610934398651302e-06
208	33	4.7550260986091546e-06
209	32	4.610934398651302e-06
210	39	5.619576298356274e-06
211	22	3.1700173990727697e-06
212	26	3.7463841989041826e-06
213	26	3.7463841989041826e-06
214	25	3.6022924989463293e-06
215	20	2.8818339991570635e-06
216	34	4.899117798567008e-06
217	21	3.025925699114917e-06
218	14	2.0172837994099444e-06
219	29	4.178659298777742e-06
220	14	2.0172837994099444e-06
221	15	2.1613754993677977e-06
222	13	1.8731920994520913e-06
223	10	1.4409169995785317e-06
224	26	3.7463841989041826e-06
225	24	3.4582007989884764e-06
226	12	1.7291003994942382e-06
227	8	1.1527335996628255e-06
228	14	2.0172837994099444e-06
229	16	2.305467199325651e-06
230	13	1.8731920994520913e-06
231	11	1.5850086995363849e-06
232	9	1.2968252996206786e-06
233	10	1.4409169995785317e-06
234	9	1.2968252996206786e-06
235	7	1.0086418997049722e-06
236	17	2.449558899283504e-06
237	5	7.204584997892659e-07
238	6	8.645501997471191e-07
239	9	1.2968252996206786e-06
240	9	1.2968252996206786e-06
241	7	1.0086418997049722e-06
242	7	1.0086418997049722e-06
243	2	2.881833999157064e-07
244	2	2.881833999157064e-07
245	10	1.4409169995785317e-06
246	8	1.1527335996628255e-06
247	7	1.0086418997049722e-06
248	4	5.763667998314128e-07
249	9	1.2968252996206786e-06
250	4	5.763667998314128e-07
251	5	7.204584997892659e-07
252	10	1.4409169995785317e-06
253	6	8.645501997471191e-07
254	3	4.3227509987355954e-07
255	3	4.3227509987355954e-07
256	2	2.881833999157064e-07
257	1	1.440916999578532e-07
258	7	1.0086418997049722e-06
259	3	4.3227509987355954e-07
260	5	7.204584997892659e-07
261	3	4.3227509987355954e-07
263	4	5.763667998314128e-07
264	3	4.3227509987355954e-07
265	7	1.0086418997049722e-06
266	1	1.440916999578532e-07
267	3	4.3227509987355954e-07
269	2	2.881833999157064e-07
270	1	1.440916999578532e-07
271	1	1.440916999578532e-07
273	1	1.440916999578532e-07
274	2	2.881833999157064e-07
276	1	1.440916999578532e-07
277	3	4.3227509987355954e-07
278	2	2.881833999157064e-07
279	1	1.440916999578532e-07
281	1	1.440916999578532e-07
282	1	1.440916999578532e-07
283	4	5.763667998314128e-07
284	2	2.881833999157064e-07
285	2	2.881833999157064e-07
287	1	1.440916999578532e-07
291	1	1.440916999578532e-07
292	5	7.204584997892659e-07
293	1	1.440916999578532e-07
294	3	4.3227509987355954e-07
295	1	1.440916999578532e-07
296	3	4.3227509987355954e-07
297	1	1.440916999578532e-07
298	2	2.881833999157064e-07
305	2	2.881833999157064e-07
312	1	1.440916999578532e-07
313	1	1.440916999578532e-07
318	1	1.440916999578532e-07
319	1	1.440916999578532e-07
320	1	1.440916999578532e-07
326	1	1.440916999578532e-07
327	1	1.440916999578532e-07
348	2	2.881833999157064e-07
354	2	2.881833999157064e-07
