sample name :	C92_018_s5_SNV
date of analysis :	08/07/2021
produced from code:	Watson_code_SSCS_calling: version 1.8
produced from function:	SSCS_calling_BAM_and_fastq
minimum family size required for SSCS consensus calling set to :	3
minimum proportion of identical nucleotides required at each base set to :	0.9
maximum proportion of Ns allowed :	1.0
minimum base quality set to:	20

total number of reads included in SSCS consensus calling:	144239617
total number of reads excluded due to non-common CIGAR:	952343
total number of SSCS consensus reads (read 1 and read 2 separate):	8834064
total number of unpaired SSCS reads:	26678
total number of SSCS pairs:	4403693

UMI_family_size	count (read 1 and read 2 separate)	fraction	
1	2759376	0.22673147394488094
2	576798	0.04739414299046576
3	528197	0.04340071245936193
4	568864	0.04674222476175076
5	609818	0.05010731918307596
6	627341	0.05154714312078367
7	614564	0.050497286905975054
8	571969	0.04699735535163733
9	510868	0.04197682904804327
10	445571	0.03661152723553968
11	378782	0.031123631271631664
12	318387	0.02616111533726785
13	269618	0.022153880638981754
14	231191	0.018996423899023174
15	203047	0.016683897225345964
16	182080	0.014961087860401744
17	164253	0.013496284953507073
18	150957	0.01240378372222466
19	140623	0.011554663105191534
20	133255	0.01094925177305489
21	124166	0.010202429894961791
22	117642	0.009666368069383688
23	111215	0.00913827650700011
24	104855	0.008615690177957078
25	99354	0.008163685870399576
26	93947	0.007719405323051201
27	88939	0.007307909672760713
28	83569	0.006866669328898909
29	79478	0.006530521424478305
30	74655	0.006134226791620673
31	70937	0.005828727425051178
32	66942	0.005500467616163299
33	63155	0.005189298680929658
34	60241	0.004949862114446734
35	57109	0.0046925129976915815
36	53408	0.004388410481372673
37	50391	0.0041405106457244305
38	47612	0.0039121667135844015
39	44818	0.0036825902665173845
40	42050	0.003455150178657147
41	40275	0.003309302578963534
42	37400	0.00307307055129078
43	35227	0.0028945202222010777
44	33256	0.0027325677607948178
45	31520	0.002589924699911374
46	29359	0.002412360382763262
47	27371	0.0022490110711064154
48	26090	0.0021437542963416165
49	24460	0.00200982100760889
50	22898	0.0018814751198785102
51	21586	0.0017736711475979353
52	20246	0.001663566480786982
53	19026	0.0015633219333919353
54	18300	0.0015036682109257026
55	16815	0.0013816492331538627
56	15729	0.0012924151524399113
57	15203	0.0012491949623335222
58	14044	0.0011539626423082276
59	12716	0.0010448439874388652
60	12313	0.00101173041973378
61	11262	0.0009253722071828012
62	10873	0.0008934089867429051
63	10307	0.0008469020901645473
64	9398	0.0007722116855890575
65	9089	0.0007468218780930989
66	8305	0.0006824024312425115
67	7627	0.0006266927565426411
68	7094	0.0005828973928036576
69	6825	0.0005607942917796678
70	6554	0.0005385268554320794
71	5904	0.0004851178752625873
72	5471	0.0004495392777035256
73	4987	0.00040977012939270375
74	4713	0.0003872561900597178
75	4552	0.0003740271965100436
76	4172	0.00034280348502634047
77	3926	0.00032259024022373266
78	3659	0.0003006514745233413
79	3409	0.0002801095590735366
80	3282	0.00026967426602503584
81	3073	0.0002525012247089991
82	2760	0.00022678274656584365
83	2636	0.00021659395650274054
84	2432	0.00019983175349569992
85	2403	0.00019744889130352258
86	2217	0.0001821657062088679
87	1996	0.00016400665295124056
88	1901	0.00015620072508031477
89	1731	0.0001422322225744476
90	1644	0.00013508363599791558
91	1418	0.00011651374443129214
92	1445	0.00011873227129987105
93	1367	0.00011232319367953198
94	1198	9.843685883546403e-05
95	1099	9.030226031734138e-05
96	1105	9.079526628813668e-05
97	1068	8.775506280156559e-05
98	867	7.123936277992263e-05
99	863	7.091069213272575e-05
100	878	7.214320705971404e-05
101	772	6.343343490899685e-05
102	695	5.710652495045701e-05
103	644	5.2915974198696855e-05
104	657	5.39841538020867e-05
105	571	4.691773488735389e-05
106	557	4.5767387622164825e-05
107	515	4.231634582659764e-05
108	378	3.1059376160104674e-05
109	453	3.722195079504608e-05
110	400	3.2867064719687484e-05
111	318	2.6129316452151552e-05
112	332	2.7279663717340613e-05
113	313	2.5718478143155457e-05
114	289	2.374645425997421e-05
115	293	2.4075124907171085e-05
116	260	2.1363592067796867e-05
117	243	1.996674181721015e-05
118	250	2.0541915449804678e-05
119	201	1.651570002164296e-05
120	209	1.7173041316036712e-05
121	196	1.610486171264687e-05
122	152	1.2489484593481245e-05
123	140	1.150347265189062e-05
124	128	1.0517460710299996e-05
125	133	1.0928299019296089e-05
126	111	9.120610459713277e-06
127	112	9.202778121512496e-06
128	96	7.888095532724997e-06
129	123	1.0106622401303903e-05
130	49	4.026215428161717e-06
131	68	5.587401002346873e-06
132	65	5.340898016949217e-06
133	59	4.847892046153904e-06
134	70	5.75173632594531e-06
135	59	4.847892046153904e-06
136	69	5.669568664146092e-06
137	67	5.505233340547654e-06
138	58	4.765724384354685e-06
139	62	5.09439503155156e-06
140	45	3.697544780964842e-06
141	45	3.697544780964842e-06
142	42	3.451041795567186e-06
143	35	2.875868162972655e-06
144	38	3.1223711483703113e-06
145	28	2.300694530378124e-06
146	32	2.629365177574999e-06
147	19	1.5611855741851556e-06
148	36	2.958035824771874e-06
149	26	2.1363592067796867e-06
150	27	2.218526868578905e-06
151	38	3.1223711483703113e-06
152	26	2.1363592067796867e-06
153	14	1.150347265189062e-06
154	23	1.8898562213820305e-06
155	16	1.3146825887874995e-06
156	11	9.038442797914059e-07
157	13	1.0681796033898433e-06
158	10	8.216766179921872e-07
159	7	5.75173632594531e-07
160	4	3.2867064719687487e-07
161	2	1.6433532359843744e-07
162	9	7.395089561929685e-07
163	12	9.860119415906246e-07
164	1	8.216766179921872e-08
165	4	3.2867064719687487e-07
166	3	2.4650298539765615e-07
167	8	6.573412943937497e-07
168	9	7.395089561929685e-07
169	12	9.860119415906246e-07
170	6	4.930059707953123e-07
171	2	1.6433532359843744e-07
172	2	1.6433532359843744e-07
173	4	3.2867064719687487e-07
174	2	1.6433532359843744e-07
175	7	5.75173632594531e-07
176	4	3.2867064719687487e-07
177	5	4.108383089960936e-07
178	1	8.216766179921872e-08
180	4	3.2867064719687487e-07
182	4	3.2867064719687487e-07
183	3	2.4650298539765615e-07
184	6	4.930059707953123e-07
185	1	8.216766179921872e-08
187	7	5.75173632594531e-07
188	3	2.4650298539765615e-07
189	2	1.6433532359843744e-07
190	1	8.216766179921872e-08
191	3	2.4650298539765615e-07
192	1	8.216766179921872e-08
194	1	8.216766179921872e-08
196	2	1.6433532359843744e-07
197	3	2.4650298539765615e-07
202	2	1.6433532359843744e-07
204	2	1.6433532359843744e-07
207	3	2.4650298539765615e-07
208	5	4.108383089960936e-07
209	1	8.216766179921872e-08
212	1	8.216766179921872e-08
244	2	1.6433532359843744e-07
