sample name :	C92_052_s3_SNV
date of analysis :	04/07/2021
produced from code:	Watson_code_SSCS_calling: version 1.8
produced from function:	SSCS_calling_BAM_and_fastq
minimum family size required for SSCS consensus calling set to :	3
minimum proportion of identical nucleotides required at each base set to :	0.9
maximum proportion of Ns allowed :	1.0
minimum base quality set to:	20

total number of reads included in SSCS consensus calling:	108813133
total number of reads excluded due to non-common CIGAR:	821456
total number of SSCS consensus reads (read 1 and read 2 separate):	6604910
total number of unpaired SSCS reads:	33758
total number of SSCS pairs:	3285576

UMI_family_size	count (read 1 and read 2 separate)	fraction	
1	2169046	0.23520788997839365
2	447869	0.048566200291157116
3	388117	0.04208678867794607
4	417695	0.04529417983967382
5	455676	0.04941277892391148
6	476319	0.05165127293133409
7	473056	0.051297438413763004
8	446991	0.04847099137101387
9	401536	0.043541923643096676
10	348191	0.037757276894757816
11	293143	0.03178795954163086
12	242846	0.02633383305365261
13	201519	0.021852399064176558
14	168673	0.01829063119284957
15	144867	0.015709146508418887
16	126329	0.013698915344847684
17	112939	0.012246925093460351
18	102674	0.011133804859667149
19	95859	0.010394797125297867
20	89323	0.009686043706099389
21	84714	0.009186251094550157
22	79469	0.008617491657020167
23	75699	0.008208678867794608
24	72235	0.007833048230691864
25	68642	0.007443429039262836
26	65081	0.007057279876813971
27	62754	0.006804943706912678
28	59577	0.0064604348922257795
29	56365	0.006112130733341828
30	53930	0.00584808321563248
31	51076	0.005538600005964112
32	48950	0.005308059955594473
33	46868	0.005082291195072559
34	44320	0.004805990137527008
35	42613	0.004620885779116389
36	40225	0.004361934866471658
37	37539	0.004070669308949151
38	35993	0.003903023533844982
39	33797	0.003664892795081234
40	32312	0.0035038617627205027
41	30927	0.0033536745709227835
42	29059	0.0031511116292057156
43	27681	0.0030016835062474075
44	25882	0.0028066028145188183
45	24587	0.0026661750792278103
46	23525	0.0025510134924486205
47	22091	0.0023955128187750255
48	20614	0.0022353492936593353
49	19369	0.0021003434786498335
50	18410	0.001996351047650546
51	17511	0.0018988649209890668
52	16444	0.0017831611421817266
53	15509	0.0016817712329175625
54	14671	0.0015908998489995202
55	13653	0.0014805095520680558
56	13102	0.0014207599905658587
57	11975	0.0012985499074207112
58	11679	0.001266452139354195
59	10759	0.0011666888061744828
60	10274	0.0011140961794438736
61	9432	0.0010227910419033108
62	8966	0.000972258744879674
63	8388	0.0009095813464254635
64	7940	0.0008610009407031688
65	7714	0.0008364938610307612
66	6946	0.0007532131655068275
67	6497	0.0007045243213789028
68	6172	0.0006692818395491131
69	5736	0.0006220026946943799
70	5415	0.0005871939664871108
71	5161	0.0005596506114570598
72	4690	0.0005085761224052723
73	4417	0.00047897243766824895
74	4144	0.0004493687529312257
75	3887	0.0004215000826842843
76	3467	0.00037595595231963307
77	3335	0.00036164208277645693
78	3153	0.0003419062929517747
79	2923	0.00031696545965684665
80	2688	0.000291482434333768
81	2587	0.0002805301553651257
82	2486	0.00026957787639648334
83	2236	0.00024246827498895283
84	2054	0.00022273248516427064
85	1852	0.000200827927226986
86	1833	0.00019876759752001367
87	1706	0.00018499592000498815
88	1627	0.00017642928596020853
89	1527	0.00016558544539719633
90	1420	0.00015398253599477327
91	1324	0.00014357244905428157
92	1180	0.00012795731864354397
93	1178	0.00012774044183228375
94	1034	0.00011212531142154617
95	961	0.00010420930781054726
96	934	0.00010128147085853396
97	877	9.510048173761701e-05
98	783	8.490727160838554e-05
99	734	7.959378973250957e-05
100	686	7.43887462622637e-05
101	632	6.853307235823712e-05
102	536	5.8122985417745406e-05
103	537	5.823142382337552e-05
104	536	5.8122985417745406e-05
105	511	5.541202527699235e-05
106	433	4.695382963784284e-05
107	473	5.129136586304772e-05
108	363	3.9363141243734294e-05
109	357	3.871251080995356e-05
110	353	3.8278757187433076e-05
111	290	3.144713763273539e-05
112	285	3.0904945604584775e-05
113	280	3.0362753576434166e-05
114	255	2.7651793435681116e-05
115	220	2.3856449238626845e-05
116	235	2.5483025323078676e-05
117	191	2.0711735475353307e-05
118	176	1.9085159390901476e-05
119	159	1.72417064951894e-05
120	161	1.7458583306449645e-05
121	174	1.8868282579641232e-05
122	148	1.604888403325806e-05
123	124	1.3446362298135131e-05
124	125	1.3554800703765252e-05
125	109	1.18197862136833e-05
126	110	1.1928224619313423e-05
127	104	1.127759418553269e-05
128	86	9.325702884190494e-06
129	79	8.56663404477964e-06
130	86	9.325702884190494e-06
131	79	8.56663404477964e-06
132	70	7.590688394108541e-06
133	64	6.940057960327809e-06
134	48	5.205043470245857e-06
135	60	6.506304337807321e-06
136	46	4.9881666589856125e-06
137	52	5.638797092766345e-06
138	61	6.6147427434374435e-06
139	39	4.229097819574759e-06
140	36	3.9037826026843925e-06
141	63	6.831619554697687e-06
142	34	3.6869057914241485e-06
143	28	3.0362753576434167e-06
144	21	2.2772065182325623e-06
145	18	1.9518913013421962e-06
146	19	2.0603297069723184e-06
147	21	2.2772065182325623e-06
148	14	1.5181376788217084e-06
149	23	2.4940833294928063e-06
150	20	2.1687681126024406e-06
151	21	2.2772065182325623e-06
152	11	1.1928224619313423e-06
153	14	1.5181376788217084e-06
154	19	2.0603297069723184e-06
155	8	8.675072450409761e-07
156	13	1.4096992731915862e-06
157	9	9.759456506710981e-07
158	9	9.759456506710981e-07
159	14	1.5181376788217084e-06
160	14	1.5181376788217084e-06
161	9	9.759456506710981e-07
163	4	4.337536225204881e-07
164	9	9.759456506710981e-07
165	10	1.0843840563012203e-06
166	4	4.337536225204881e-07
167	10	1.0843840563012203e-06
168	8	8.675072450409761e-07
169	2	2.1687681126024404e-07
171	2	2.1687681126024404e-07
172	2	2.1687681126024404e-07
173	2	2.1687681126024404e-07
174	2	2.1687681126024404e-07
175	4	4.337536225204881e-07
176	5	5.421920281506101e-07
177	1	1.0843840563012202e-07
179	8	8.675072450409761e-07
180	1	1.0843840563012202e-07
181	2	2.1687681126024404e-07
182	1	1.0843840563012202e-07
184	1	1.0843840563012202e-07
186	1	1.0843840563012202e-07
187	4	4.337536225204881e-07
190	2	2.1687681126024404e-07
194	1	1.0843840563012202e-07
195	3	3.2531521689036606e-07
203	1	1.0843840563012202e-07
204	1	1.0843840563012202e-07
205	1	1.0843840563012202e-07
206	1	1.0843840563012202e-07
210	2	2.1687681126024404e-07
218	4	4.337536225204881e-07
226	1	1.0843840563012202e-07
228	1	1.0843840563012202e-07
