sample name :	C92_003_s8_SNV
date of analysis :	04/07/2021
produced from code:	Watson_code_SSCS_calling: version 1.8
produced from function:	SSCS_calling_BAM_and_fastq
minimum family size required for SSCS consensus calling set to :	3
minimum proportion of identical nucleotides required at each base set to :	0.9
maximum proportion of Ns allowed :	1.0
minimum base quality set to:	20

total number of reads included in SSCS consensus calling:	84832820
total number of reads excluded due to non-common CIGAR:	633214
total number of SSCS consensus reads (read 1 and read 2 separate):	3489137
total number of unpaired SSCS reads:	21111
total number of SSCS pairs:	1734013

UMI_family_size	count (read 1 and read 2 separate)	fraction	
1	1597824	0.29407837960056515
2	346366	0.06374841786625396
3	304461	0.056035832189006846
4	305715	0.05626663000404725
5	303474	0.05585417553554203
6	284565	0.052373987429801296
7	252892	0.04654459413173549
8	211973	0.0390134810586589
9	170689	0.03141518999316625
10	131318	0.024168985227651492
11	100326	0.018464929498997574
12	76350	0.014052163619086427
13	56975	0.010486208542206277
14	44933	0.00826988694035901
15	36482	0.006714486354309247
16	31411	0.005781172382961673
17	27843	0.005124484500932854
18	25852	0.004758042356000292
19	24030	0.00442270454180284
20	22615	0.004162274790381657
21	22197	0.004085342185368192
22	21398	0.003938286799230011
23	21065	0.0038769983842312453
24	20386	0.003752028913407936
25	20027	0.0036859552167576148
26	19853	0.0036539306395510524
27	19480	0.003585280252780663
28	19449	0.0035795747246576545
29	19151	0.003524728034959059
30	18777	0.003455893598894379
31	18762	0.0034531328594800204
32	18357	0.0033785928952923317
33	18083	0.003328163388656711
34	18195	0.0033487769096172564
35	17624	0.0032436847625773304
36	17367	0.0031963840939446494
37	17286	0.0031814761011071118
38	17161	0.0031584699393207884
39	16223	0.0029858317012762163
40	16388	0.0030161998348341634
41	15932	0.002932273356637655
42	15886	0.002923807089100288
43	15333	0.0028220278293575925
44	15039	0.0027679173368361596
45	14990	0.0027588989214159206
46	14910	0.0027441749778726737
47	14794	0.002722825259734965
48	14070	0.002589573570668579
49	14290	0.0026300644154125087
50	13557	0.0024951562826975074
51	13658	0.0025137452614208567
52	13279	0.002443990578884724
53	12898	0.0023738677977600095
54	12804	0.0023565671640966945
55	12759	0.002348284945853618
56	12290	0.002261965826831332
57	12187	0.0022430087495194013
58	12049	0.0022176099469073
59	11618	0.0021382847010680563
60	11271	0.0020744195959492224
61	10988	0.0020223336456649857
62	10951	0.002015523821776234
63	10696	0.001968591251732134
64	10719	0.0019728243855008177
65	10293	0.0018944193861330269
66	9998	0.0018401248443173032
67	9876	0.0018176708304138514
68	9671	0.0017799407250842808
69	9596	0.0017661370280124867
70	9007	0.0016577319936753301
71	9065	0.0016684068527441842
72	8870	0.0016325172403575195
73	8563	0.0015760141070103087
74	8273	0.001522639811666038
75	8197	0.0015086520652999535
76	8023	0.0014766274880933911
77	7930	0.0014595109037243664
78	7641	0.0014063206576743863
79	7465	0.0013739279818792427
80	7213	0.0013275475597180144
81	7228	0.0013303082991323733
82	6828	0.0012566885814161378
83	6678	0.0012290811872725496
84	6621	0.001218590377497986
85	6621	0.001218590377497986
86	6384	0.0011749706947511167
87	6136	0.0011293264697670507
88	5946	0.0010943571038518388
89	5906	0.0010869951320802154
90	5736	0.0010557067520508153
91	5536	0.0010188968931926976
92	5250	0.0009662587950255893
93	5277	0.0009712281259714352
94	5143	0.0009465655205364963
95	5006	0.0009213507672186858
96	4842	0.0008911666829550292
97	4701	0.0008652157324600563
98	4556	0.000838528584787921
99	4397	0.0008092647469957173
100	4487	0.0008258291834818704
101	4195	0.0007720867895490185
102	4129	0.0007599395361258396
103	4158	0.0007652769656602668
104	3793	0.0006980989732442019
105	3785	0.0006966265788898772
106	3600	0.0006625774594461183
107	3488	0.0006419639384855725
108	3348	0.0006161970372848901
109	3330	0.0006128841499876595
110	3278	0.0006033135866845489
111	3047	0.000560798199703423
112	3094	0.0005694485165350806
113	2989	0.0005501233406345689
114	2885	0.0005309822140283476
115	2743	0.000504847214239084
116	2742	0.0005046631649447935
117	2623	0.00048276129892421346
118	2594	0.0004774238693897864
119	2431	0.00044742383442042047
120	2342	0.0004310434472285581
121	2347	0.00043196369370001106
122	2235	0.00041135017273946514
123	2085	0.0003837427785958769
124	2132	0.0003923930954275345
125	1979	0.0003642335534010745
126	1985	0.00036533784916681805
127	1896	0.0003489574619749557
128	1868	0.0003438040817348192
129	1659	0.0003053377792280862
130	1725	0.00031748503265126505
131	1645	0.00030276108910801797
132	1637	0.00030128869475369325
133	1512	0.0002782825329673697
134	1577	0.00029024573709625796
135	1532	0.0002819635188531815
136	1408	0.0002591414063611485
137	1309	0.00024092052622638025
138	1340	0.0002466260543493885
139	1251	0.00023024566715752613
140	1176	0.000216441970085732
141	1193	0.000219570808088672
142	1142	0.000210184294079852
143	1075	0.00019785299136238258
144	1005	0.00018496954076204137
145	1044	0.00019214746323937434
146	960	0.0001766873225189649
147	866	0.00015938668885564957
148	888	0.00016343577333004252
149	861	0.00015846644238419664
150	808	0.00014871182978679545
151	821	0.0001511044706125731
152	783	0.00014411059742953073
153	748	0.00013766887212936016
154	753	0.0001385891186008131
155	631	0.00011613510469736131
156	703	0.00012938665388628366
157	620	0.00011411056246016483
158	681	0.00012533756941189074
159	652	0.00012000013987746366
160	564	0.00010380380197989187
161	535	9.846637244546481e-05
162	526	9.680992879684952e-05
163	522	9.607373161968717e-05
164	475	8.74234147880295e-05
165	482	8.871175984806363e-05
166	493	9.073630208526009e-05
167	430	7.914119654495302e-05
168	446	8.208598525360244e-05
169	445	8.190193595931186e-05
170	386	7.104302759616714e-05
171	383	7.049087971329537e-05
172	341	6.276080935309065e-05
173	364	6.699394312177419e-05
174	335	6.165651358734712e-05
175	339	6.239271076450949e-05
176	321	5.907982346727889e-05
177	326	6.000006993873183e-05
178	319	5.871172487869771e-05
179	267	4.9141161575587114e-05
180	285	5.24540488728177e-05
181	211	3.883440109531416e-05
182	253	4.6564471455518874e-05
183	278	5.116570381278359e-05
184	232	4.2699436275416515e-05
185	207	3.809820391815181e-05
186	227	4.1779189803963576e-05
187	226	4.1595140509672986e-05
188	209	3.846630250673298e-05
189	203	3.736200674098945e-05
190	200	3.680985885811769e-05
191	188	3.460126732663063e-05
192	189	3.478531662092121e-05
193	155	2.8527640615041208e-05
194	154	2.834359132075062e-05
195	143	2.6319049083554146e-05
196	133	2.4478556140648262e-05
197	104	1.91411266062212e-05
198	95	1.7484682957605902e-05
199	110	2.0245422371964728e-05
200	114	2.0981619549127083e-05
201	129	2.374235896348591e-05
202	111	2.0429471666255315e-05
203	108	1.987732378338355e-05
204	118	2.1717816726289435e-05
205	88	1.6196337897571782e-05
206	96	1.766873225189649e-05
207	76	1.3987746366084722e-05
208	104	1.91411266062212e-05
209	104	1.91411266062212e-05
210	64	1.177915483459766e-05
211	89	1.6380387191862372e-05
212	75	1.3803697071794133e-05
213	87	1.6012288603281195e-05
214	67	1.2331302717469426e-05
215	52	9.5705633031106e-06
216	45	8.28221824307648e-06
217	53	9.754612597401187e-06
218	63	1.1595105540307071e-05
219	62	1.1411056246016484e-05
220	40	7.3619717716235376e-06
221	44	8.098168948785891e-06
222	58	1.0674859068854129e-05
223	45	8.28221824307648e-06
224	34	6.257676005880007e-06
225	36	6.625774594461184e-06
226	48	8.834366125948244e-06
227	32	5.88957741729883e-06
228	41	7.546021065914126e-06
229	25	4.601232357264711e-06
230	43	7.914119654495302e-06
231	21	3.8650351801023576e-06
232	28	5.1533802401364765e-06
233	35	6.441725300170595e-06
234	16	2.944788708649415e-06
235	12	2.208591531487061e-06
236	24	4.417183062974122e-06
237	17	3.1288380029400033e-06
238	17	3.1288380029400033e-06
239	24	4.417183062974122e-06
240	26	4.7852816515553e-06
241	13	2.39264082577765e-06
242	24	4.417183062974122e-06
243	25	4.601232357264711e-06
244	23	4.233133768683534e-06
245	23	4.233133768683534e-06
246	6	1.1042957657435305e-06
247	11	2.0245422371964727e-06
248	14	2.5766901200682382e-06
249	13	2.39264082577765e-06
250	12	2.208591531487061e-06
251	6	1.1042957657435305e-06
252	8	1.4723943543247075e-06
253	12	2.208591531487061e-06
254	15	2.7607394143588266e-06
255	15	2.7607394143588266e-06
256	13	2.39264082577765e-06
257	10	1.8404929429058844e-06
258	11	2.0245422371964727e-06
259	5	9.202464714529422e-07
260	10	1.8404929429058844e-06
261	7	1.2883450600341191e-06
262	11	2.0245422371964727e-06
263	4	7.361971771623537e-07
264	9	1.656443648615296e-06
265	5	9.202464714529422e-07
266	7	1.2883450600341191e-06
267	3	5.521478828717653e-07
268	4	7.361971771623537e-07
269	9	1.656443648615296e-06
270	7	1.2883450600341191e-06
271	3	5.521478828717653e-07
272	4	7.361971771623537e-07
273	9	1.656443648615296e-06
274	3	5.521478828717653e-07
275	2	3.6809858858117687e-07
276	3	5.521478828717653e-07
277	4	7.361971771623537e-07
278	2	3.6809858858117687e-07
279	5	9.202464714529422e-07
280	1	1.8404929429058843e-07
281	2	3.6809858858117687e-07
282	1	1.8404929429058843e-07
283	3	5.521478828717653e-07
284	1	1.8404929429058843e-07
285	3	5.521478828717653e-07
286	2	3.6809858858117687e-07
287	3	5.521478828717653e-07
288	4	7.361971771623537e-07
289	4	7.361971771623537e-07
290	1	1.8404929429058843e-07
291	2	3.6809858858117687e-07
292	1	1.8404929429058843e-07
293	3	5.521478828717653e-07
294	1	1.8404929429058843e-07
295	3	5.521478828717653e-07
296	2	3.6809858858117687e-07
297	1	1.8404929429058843e-07
298	4	7.361971771623537e-07
299	2	3.6809858858117687e-07
300	5	9.202464714529422e-07
301	2	3.6809858858117687e-07
302	4	7.361971771623537e-07
303	1	1.8404929429058843e-07
304	1	1.8404929429058843e-07
307	2	3.6809858858117687e-07
309	2	3.6809858858117687e-07
311	2	3.6809858858117687e-07
312	1	1.8404929429058843e-07
313	5	9.202464714529422e-07
314	2	3.6809858858117687e-07
315	1	1.8404929429058843e-07
318	2	3.6809858858117687e-07
320	1	1.8404929429058843e-07
321	1	1.8404929429058843e-07
323	2	3.6809858858117687e-07
324	2	3.6809858858117687e-07
331	2	3.6809858858117687e-07
332	1	1.8404929429058843e-07
333	2	3.6809858858117687e-07
335	2	3.6809858858117687e-07
336	1	1.8404929429058843e-07
343	1	1.8404929429058843e-07
344	1	1.8404929429058843e-07
345	1	1.8404929429058843e-07
347	1	1.8404929429058843e-07
349	2	3.6809858858117687e-07
356	1	1.8404929429058843e-07
358	1	1.8404929429058843e-07
363	2	3.6809858858117687e-07
379	2	3.6809858858117687e-07
382	2	3.6809858858117687e-07
408	1	1.8404929429058843e-07
411	1	1.8404929429058843e-07
418	1	1.8404929429058843e-07
419	1	1.8404929429058843e-07
431	1	1.8404929429058843e-07
432	1	1.8404929429058843e-07
