sample name :	C92_018_s2_SNV
date of analysis :	09/10/2021
produced from code:	Watson_code_SSCS_calling: version 2.1
produced from function:	SSCS_calling_BAM
minimum family size required for SSCS consensus calling set to :	3
minimum proportion of identical nucleotides required at each base set to :	0.9
maximum proportion of Ns allowed :	1.0
minimum base quality set to:	20

total number of reads included in SSCS consensus calling:	63818963
total number of reads excluded due to non-common CIGAR:	510181
total number of SSCS consensus reads (read 1 and read 2 separate):	2496023
total number of unpaired SSCS reads:	41317
total number of SSCS pairs:	1227353

UMI_family_size	count (read 1 and read 2 separate)	fraction	
1	1614180	0.33735607536873047
2	674593	0.14098678397156325
3	602860	0.1259949222495588
4	511219	0.10684238157697841
5	387969	0.08108370764396225
6	265760	0.05554259784534179
7	170350	0.035602353788959866
8	102540	0.021430380730965332
9	59434	0.012421428207179574
10	34255	0.007159134893107251
11	20205	0.004222750562406423
12	12916	0.0026993836309844766
13	8733	0.0018251561822071412
14	6414	0.001340496021146983
15	5132	0.0010725640131784093
16	4378	0.0009149815373528987
17	3718	0.0007770446221740697
18	3273	0.0006840417020913744
19	3053	0.0006380627303650982
20	2767	0.0005782900671209389
21	2561	0.000535237029959062
22	2420	0.0005057686889890394
23	2225	0.00046501460041347635
24	2249	0.000470030488238161
25	1971	0.0004119297876022301
26	1955	0.0004085858623857736
27	1818	0.0003799535027198652
28	1843	0.0003851783858705784
29	1752	0.0003661598112019823
30	1570	0.00032812266186479005
31	1536	0.00032101682077982006
32	1544	0.0003226887833880483
33	1511	0.00031579193762910684
34	1493	0.00031203002176059336
35	1445	0.00030199824611122395
36	1498	0.000313074998390736
37	1385	0.00028945852654951225
38	1297	0.0002710669378590017
39	1356	0.0002833976620946849
40	1361	0.00028444263872482757
41	1384	0.0002892495312234837
42	1287	0.00026897698459871645
43	1188	0.0002482864473218921
44	1238	0.00025873621362331855
45	1350	0.0002821436901385137
46	1273	0.000266051050034317
47	1243	0.00025978119025346115
48	1165	0.00024347955482323594
49	1162	0.00024285256884515034
50	1288	0.00026918597992474494
51	1228	0.00025664626036303324
52	1231	0.0002572732463411188
53	1162	0.00024285256884515034
54	1164	0.0002432705594972074
55	1129	0.0002359557230862089
56	1116	0.00023323878384783802
57	1159	0.00024222558286706477
58	1081	0.0002259239474368395
59	1121	0.00023428376047798067
60	1103	0.00023052184460946716
61	1110	0.00023198481189166685
62	1129	0.0002359557230862089
63	1107	0.00023135782591358127
64	1205	0.0002518393678643771
65	1185	0.0002476594613438065
66	1163	0.00024306156417117889
67	1036	0.00021651915776555572
68	1137	0.00023762768569443712
69	1135	0.00023720969504238007
70	1040	0.00021735513906966984
71	1048	0.00021902710167789806
72	1105	0.00023093983526152422
73	1070	0.00022362499885052571
74	1058	0.00022111705493818337
75	1123	0.00023470175113003773
76	1108	0.0002315668212396098
77	1053	0.00022007207830804072
78	1043	0.00021798212504775544
79	1076	0.00022487897080669688
80	1011	0.0002112942746148425
81	1047	0.00021881810635186955
82	1044	0.00021819112037378395
83	1101	0.0002301038539574101
84	1083	0.00022634193808889657
85	1097	0.000229267872653296
86	1029	0.00021505619048335604
87	1035	0.0002163101624395272
88	965	0.0002016804896175302
89	962	0.0002010535036394446
90	950	0.00019854555972710226
91	923	0.00019290268592433199
92	1024	0.00021401121385321338
93	1027	0.00021463819983129898
94	924	0.00019311168125036053
95	1059	0.0002213260502642119
96	1017	0.00021254824657101367
97	1158	0.00024201658754103623
98	979	0.0002046064241819296
99	1004	0.00020983130733264282
100	984	0.00020565140081207223
101	1056	0.00022069906428612632
102	956	0.00019979953168327343
103	981	0.00020502441483398665
104	1068	0.00022320700819846866
105	987	0.00020627838679015782
106	989	0.00020669637744221488
107	1035	0.0002163101624395272
108	978	0.00020439742885590106
109	1097	0.000229267872653296
110	1028	0.0002148471951573275
111	968	0.00020230747559561577
112	991	0.00020711436809427194
113	934	0.0001952016345106458
114	944	0.0001972915877709311
115	924	0.00019311168125036053
116	932	0.00019478364385858875
117	976	0.000203979438203844
118	935	0.00019541062983667433
119	902	0.00018851378407773288
120	1009	0.00021087628396278545
121	949	0.00019833656440107372
122	992	0.00020732336342030048
123	952	0.00019896355037915932
124	882	0.0001843338775571623
125	920	0.00019227569994624641
126	969	0.00020251647092164431
127	902	0.00018851378407773288
128	918	0.00019185770929418936
129	879	0.00018370689157907671
130	1001	0.00020920432135455722
131	974	0.00020356144755178694
132	917	0.00019164871396816082
133	930	0.0001943656532065317
134	925	0.00019332067657638904
135	932	0.00019478364385858875
136	855	0.00017869100375439203
137	925	0.00019332067657638904
138	887	0.00018537885418730497
139	873	0.00018245291962290554
140	931	0.0001945746485325602
141	853	0.00017827301310233498
142	919	0.00019206670462021787
143	862	0.00018015397103659175
144	944	0.0001972915877709311
145	885	0.0001849608635352479
146	864	0.0001805719616886488
147	899	0.0001878867980996473
148	894	0.00018684182146950465
149	893	0.00018663282614347614
150	875	0.0001828709102749626
151	879	0.00018370689157907671
152	879	0.00018370689157907671
153	871	0.0001820349289708485
154	828	0.00017304812995162176
155	856	0.00017889999908042058
156	848	0.00017722803647219232
157	813	0.00016991320006119382
158	840	0.0001755560738639641
159	802	0.00016761425147488002
160	846	0.00017681004582013527
161	884	0.00018475186820921937
162	910	0.0001901857466859611
163	797	0.00016656927484473737
164	782	0.00016343434495430946
165	834	0.00017430210190779293
166	809	0.0001690772187570797
167	796	0.00016636027951870885
168	873	0.00018245291962290554
169	783	0.00016364334028033797
170	825	0.00017242114397353619
171	874	0.00018266191494893409
172	788	0.00016468831691048062
173	820	0.00017137616734339353
174	863	0.00018036296636262026
175	787	0.00016447932158445208
176	825	0.00017242114397353619
177	739	0.0001544475459350827
178	798	0.0001667782701707659
179	843	0.0001761830598420497
180	808	0.0001688682234310512
181	758	0.00015841845712962475
182	783	0.00016364334028033797
183	774	0.0001617623823460812
184	795	0.0001661512841926803
185	786	0.00016427032625842357
186	799	0.00016698726549679442
187	771	0.00016113539636799563
188	790	0.00016510630756253768
189	795	0.0001661512841926803
190	751	0.00015695548984742506
191	785	0.00016406133093239503
192	717	0.00014984964876245507
193	704	0.0001471327095240842
194	734	0.00015340256930494007
195	765	0.00015988142441182446
196	821	0.00017158516266942207
197	806	0.00016845023277899413
198	821	0.00017158516266942207
199	739	0.0001544475459350827
200	755	0.00015779147115153918
201	717	0.00014984964876245507
202	778	0.00016259836365019531
203	781	0.0001632253496282809
204	699	0.00014608773289394157
205	668	0.00013960887778705717
206	723	0.00015110362071862624
207	717	0.00014984964876245507
208	748	0.00015632850386933947
209	752	0.00015716448517345358
210	706	0.00014755070017614125
211	700	0.00014629672821997008
212	647	0.00013521997594045807
213	656	0.00013710093387471484
214	732	0.000152984578652883
215	735	0.00015361156463096858
216	679	0.00014190782637337097
217	699	0.00014608773289394157
218	648	0.0001354289712664866
219	689	0.00014399777963365628
220	702	0.00014671471887202714
221	678	0.00014169883104734246
222	758	0.00015841845712962475
223	695	0.00014525175158982745
224	654	0.00013668294322265778
225	612	0.00012790513952945956
226	643	0.00013438399463634395
227	661	0.00013814591050485746
228	664	0.00013877289648294306
229	704	0.0001471327095240842
230	706	0.00014755070017614125
231	658	0.0001375189245267719
232	659	0.0001377279198528004
233	635	0.00013271203202811573
234	566	0.00011829135453214725
235	658	0.0001375189245267719
236	646	0.00013501098061442955
237	614	0.00012832313018151662
238	597	0.00012477020963903162
239	662	0.000138354905830886
240	646	0.00013501098061442955
241	579	0.00012100829377051812
242	594	0.00012414322366094605
243	621	0.00012978609746371633
244	648	0.0001354289712664866
245	614	0.00012832313018151662
246	616	0.00012874112083357368
247	598	0.00012497920496506017
248	657	0.00013730992920074335
249	616	0.00012874112083357368
250	609	0.00012727815355137396
251	608	0.00012706915822534545
252	591	0.00012351623768286046
253	592	0.000123725233008889
254	549	0.00011473843398966225
255	581	0.00012142628442257517
256	566	0.00011829135453214725
257	544	0.00011369345735951961
258	520	0.00010867756953483492
259	519	0.00010846857420880639
260	567	0.00011850034985817578
261	576	0.00012038130779243253
262	555	0.00011599240594583342
263	534	0.00011160350409923433
264	493	0.00010303469573206465
265	583	0.00012184427507463223
266	566	0.00011829135453214725
267	529	0.00011055852746909169
268	542	0.00011327546670746255
269	518	0.00010825957888277786
270	524	0.00010951355083894903
271	537	0.00011223049007731991
272	550	0.00011494742931569078
273	494	0.00010324369105809318
274	509	0.00010637862094852111
275	513	0.00010721460225263522
276	531	0.00011097651812114874
277	487	0.00010178072377589347
278	529	0.00011055852746909169
279	474	9.90637845375226e-05
280	530	0.00011076752279512022
281	525	0.00010972254616497756
282	465	9.718282660326585e-05
283	549	0.00011473843398966225
284	461	9.634684529915174e-05
285	502	0.00010491565366632141
286	446	9.32119154087238e-05
287	524	0.00010951355083894903
288	491	0.00010261670508000758
289	492	0.00010282570040603611
290	460	9.613784997312321e-05
291	481	0.0001005267518197223
292	478	9.989976584163672e-05
293	518	0.00010825957888277786
294	453	9.46748826909235e-05
295	458	9.571985932106614e-05
296	433	9.049497617035293e-05
297	446	9.32119154087238e-05
298	438	9.153995280049557e-05
299	434	9.070397149638146e-05
300	427	8.924100421418176e-05
301	444	9.279392475666674e-05
302	435	9.091296682240999e-05
303	447	9.342091073475233e-05
304	424	8.861401823609616e-05
305	439	9.17489481265241e-05
306	457	9.551086399503761e-05
307	429	8.965899486623882e-05
308	385	8.046320052098354e-05
309	396	8.276214910729737e-05
310	410	8.568808367169677e-05
311	418	8.736004627992499e-05
312	407	8.506109769361118e-05
313	371	7.753726595658415e-05
314	401	8.380712573744001e-05
315	407	8.506109769361118e-05
316	403	8.422511638949707e-05
317	361	7.544731269629887e-05
318	367	7.670128465247003e-05
319	357	7.461133139218475e-05
320	396	8.276214910729737e-05
321	369	7.711927530452709e-05
322	392	8.192616780318326e-05
323	377	7.879123791275532e-05
324	376	7.858224258672679e-05
325	366	7.64922893264415e-05
326	358	7.482032671821328e-05
327	381	7.962721921686943e-05
328	379	7.920922856481237e-05
329	346	7.231238280587093e-05
330	331	6.9177452915443e-05
331	348	7.273037345792798e-05
332	328	6.855046693735742e-05
333	346	7.231238280587093e-05
334	357	7.461133139218475e-05
335	336	7.022242954558564e-05
336	359	7.502932204424181e-05
337	325	6.792348095927183e-05
338	322	6.729649498118623e-05
339	303	6.33255837866442e-05
340	330	6.896845758941447e-05
341	322	6.729649498118623e-05
342	309	6.457955574281537e-05
343	327	6.834147161132889e-05
344	296	6.18626165044445e-05
345	350	7.314836410998504e-05
346	308	6.437056041678684e-05
347	302	6.311658846061567e-05
348	323	6.750549030721478e-05
349	323	6.750549030721478e-05
350	297	6.207161183047303e-05
351	317	6.625151835104359e-05
352	275	5.747371465784539e-05
353	283	5.9145677266073624e-05
354	281	5.872768661401657e-05
355	308	6.437056041678684e-05
356	285	5.956366791813068e-05
357	320	6.687850432912918e-05
358	256	5.3502803463303346e-05
359	287	5.998165857018774e-05
360	274	5.726471933181686e-05
361	285	5.956366791813068e-05
362	256	5.3502803463303346e-05
363	257	5.3711798789331874e-05
364	259	5.412978944138893e-05
365	238	4.974088759478983e-05
366	275	5.747371465784539e-05
367	252	5.266682215918923e-05
368	263	5.4965770745503044e-05
369	258	5.39207941153604e-05
370	227	4.744193900847601e-05
371	241	5.0367873572875415e-05
372	233	4.869591096464719e-05
373	228	4.765093433450454e-05
374	236	4.9322896942732773e-05
375	201	4.200806053173427e-05
376	202	4.22170558577628e-05
377	220	4.5978971726276314e-05
378	252	5.266682215918923e-05
379	242	5.057686889890394e-05
380	240	5.015887824684689e-05
381	224	4.681495303039043e-05
382	231	4.827792031259013e-05
383	229	4.785992966053307e-05
384	217	4.535198574819073e-05
385	209	4.3680023139962496e-05
386	214	4.4724999770105144e-05
387	192	4.012710259747751e-05
388	218	4.556098107421926e-05
389	199	4.159006987967721e-05
390	193	4.0336097923506036e-05
391	208	4.347102781393397e-05
392	191	3.991810727144898e-05
393	176	3.678317738102105e-05
394	199	4.159006987967721e-05
395	197	4.1172079227620156e-05
396	152	3.176728955633636e-05
397	184	3.845513998924928e-05
398	181	3.78281540111637e-05
399	162	3.385724281662165e-05
400	170	3.552920542484988e-05
401	165	3.448422879470724e-05
402	194	4.0545093249534565e-05
403	180	3.761915868513517e-05
404	167	3.4902219446764294e-05
405	156	3.2603270860450476e-05
406	183	3.824614466322075e-05
407	156	3.2603270860450476e-05
408	160	3.343925216456459e-05
409	159	3.323025683853606e-05
410	175	3.657418205499252e-05
411	152	3.176728955633636e-05
412	169	3.532021009882135e-05
413	128	2.6751401731651673e-05
414	159	3.323025683853606e-05
415	162	3.385724281662165e-05
416	134	2.8005373687822846e-05
417	160	3.343925216456459e-05
418	164	3.427523346867871e-05
419	142	2.9677336296051076e-05
420	126	2.6333411079594616e-05
421	148	3.093130825222225e-05
422	148	3.093130825222225e-05
423	150	3.1349298904279306e-05
424	131	2.7378387709737258e-05
425	147	3.072231292619372e-05
426	111	2.3198481189166685e-05
427	116	2.424345781930933e-05
428	136	2.8423364339879903e-05
429	115	2.4034462493280802e-05
430	127	2.6542406405623145e-05
431	123	2.5706425101509028e-05
432	129	2.69603970576802e-05
433	120	2.5079439123423443e-05
434	107	2.2362499885052572e-05
435	125	2.6124415753566088e-05
436	145	3.030432227413666e-05
437	133	2.7796378361794318e-05
438	136	2.8423364339879903e-05
439	112	2.3407476515195214e-05
440	119	2.4870443797394915e-05
441	100	2.089953260285287e-05
442	118	2.4661448471366387e-05
443	101	2.11085279288814e-05
444	108	2.25714952110811e-05
445	107	2.2362499885052572e-05
446	91	1.9018574668596112e-05
447	99	2.0690537276824342e-05
448	101	2.11085279288814e-05
449	92	1.922756999462464e-05
450	83	1.7346612060367883e-05
451	92	1.922756999462464e-05
452	86	1.7973598038453468e-05
453	100	2.089953260285287e-05
454	100	2.089953260285287e-05
455	102	2.1317523254909927e-05
456	85	1.776460271242494e-05
457	86	1.7973598038453468e-05
458	106	2.215350455902404e-05
459	99	2.0690537276824342e-05
460	95	1.9854555972710226e-05
461	93	1.943656532065317e-05
462	74	1.5465654126111125e-05
463	89	1.8600584016539052e-05
464	71	1.4838668148025538e-05
465	62	1.295771021376878e-05
466	96	2.0063551298738754e-05
467	71	1.4838668148025538e-05
468	65	1.3584696191854365e-05
469	79	1.6510630756253766e-05
470	72	1.5047663474054066e-05
471	67	1.4002686843911423e-05
472	50	1.0449766301426435e-05
473	75	1.5674649452139653e-05
474	57	1.1912733583626135e-05
475	71	1.4838668148025538e-05
476	58	1.2121728909654665e-05
477	62	1.295771021376878e-05
478	51	1.0658761627454964e-05
479	61	1.274871488774025e-05
480	63	1.3166705539797308e-05
481	69	1.442067749596848e-05
482	49	1.0240770975397907e-05
483	57	1.1912733583626135e-05
484	59	1.2330724235683193e-05
485	52	1.0867756953483492e-05
486	60	1.2539719561711722e-05
487	61	1.274871488774025e-05
488	82	1.7137616734339354e-05
489	59	1.2330724235683193e-05
490	48	1.0031775649369377e-05
491	62	1.295771021376878e-05
492	41	8.568808367169677e-06
493	41	8.568808367169677e-06
494	63	1.3166705539797308e-05
495	60	1.2539719561711722e-05
496	45	9.404789671283792e-06
497	54	1.128574760554055e-05
498	54	1.128574760554055e-05
499	36	7.523831737027033e-06
500	26	5.433878476741746e-06
501	49	1.0240770975397907e-05
502	61	1.274871488774025e-05
503	53	1.107675227951202e-05
504	38	7.94182238908409e-06
505	35	7.314836410998504e-06
506	34	7.105841084969976e-06
507	42	8.777803693198205e-06
508	63	1.3166705539797308e-05
509	27	5.642873802770275e-06
510	39	8.150817715112619e-06
511	40	8.359813041141147e-06
512	39	8.150817715112619e-06
513	38	7.94182238908409e-06
514	30	6.269859780855861e-06
515	43	8.986799019226734e-06
516	46	9.61378499731232e-06
517	23	4.80689249865616e-06
518	26	5.433878476741746e-06
519	35	7.314836410998504e-06
520	44	9.195794345255262e-06
521	39	8.150817715112619e-06
522	28	5.851869128798803e-06
523	30	6.269859780855861e-06
524	36	7.523831737027033e-06
525	26	5.433878476741746e-06
526	28	5.851869128798803e-06
527	32	6.687850432912918e-06
528	40	8.359813041141147e-06
529	34	7.105841084969976e-06
530	30	6.269859780855861e-06
531	27	5.642873802770275e-06
532	31	6.47885510688439e-06
533	27	5.642873802770275e-06
534	29	6.0608644548273325e-06
535	32	6.687850432912918e-06
536	27	5.642873802770275e-06
537	30	6.269859780855861e-06
538	33	6.896845758941447e-06
539	25	5.224883150713218e-06
540	21	4.388901846599103e-06
541	21	4.388901846599103e-06
542	17	3.552920542484988e-06
543	24	5.0158878246846885e-06
544	20	4.179906520570574e-06
545	19	3.970911194542045e-06
546	19	3.970911194542045e-06
547	33	6.896845758941447e-06
548	23	4.80689249865616e-06
549	24	5.0158878246846885e-06
550	27	5.642873802770275e-06
551	27	5.642873802770275e-06
552	19	3.970911194542045e-06
553	17	3.552920542484988e-06
554	19	3.970911194542045e-06
555	22	4.597897172627631e-06
556	13	2.716939238370873e-06
557	11	2.2989485863138155e-06
558	20	4.179906520570574e-06
559	22	4.597897172627631e-06
560	17	3.552920542484988e-06
561	8	1.6719626082282296e-06
562	15	3.1349298904279304e-06
563	15	3.1349298904279304e-06
564	12	2.5079439123423442e-06
565	17	3.552920542484988e-06
566	15	3.1349298904279304e-06
567	18	3.7619158685135166e-06
568	24	5.0158878246846885e-06
569	15	3.1349298904279304e-06
570	15	3.1349298904279304e-06
571	15	3.1349298904279304e-06
572	14	2.9259345643994017e-06
573	17	3.552920542484988e-06
574	25	5.224883150713218e-06
575	13	2.716939238370873e-06
576	13	2.716939238370873e-06
577	14	2.9259345643994017e-06
578	15	3.1349298904279304e-06
579	25	5.224883150713218e-06
580	4	8.359813041141148e-07
581	20	4.179906520570574e-06
582	16	3.343925216456459e-06
583	15	3.1349298904279304e-06
584	23	4.80689249865616e-06
585	17	3.552920542484988e-06
586	17	3.552920542484988e-06
587	13	2.716939238370873e-06
588	13	2.716939238370873e-06
589	12	2.5079439123423442e-06
590	13	2.716939238370873e-06
591	9	1.8809579342567583e-06
592	10	2.089953260285287e-06
593	15	3.1349298904279304e-06
594	11	2.2989485863138155e-06
595	15	3.1349298904279304e-06
596	9	1.8809579342567583e-06
597	10	2.089953260285287e-06
598	10	2.089953260285287e-06
599	12	2.5079439123423442e-06
600	17	3.552920542484988e-06
601	21	4.388901846599103e-06
602	15	3.1349298904279304e-06
603	11	2.2989485863138155e-06
604	12	2.5079439123423442e-06
605	10	2.089953260285287e-06
606	27	5.642873802770275e-06
607	8	1.6719626082282296e-06
608	4	8.359813041141148e-07
609	8	1.6719626082282296e-06
610	4	8.359813041141148e-07
611	4	8.359813041141148e-07
612	11	2.2989485863138155e-06
613	12	2.5079439123423442e-06
614	5	1.0449766301426434e-06
615	2	4.179906520570574e-07
616	6	1.2539719561711721e-06
617	7	1.4629672821997008e-06
618	3	6.269859780855861e-07
619	8	1.6719626082282296e-06
620	9	1.8809579342567583e-06
621	14	2.9259345643994017e-06
622	10	2.089953260285287e-06
623	11	2.2989485863138155e-06
624	5	1.0449766301426434e-06
625	2	4.179906520570574e-07
626	6	1.2539719561711721e-06
627	6	1.2539719561711721e-06
628	6	1.2539719561711721e-06
629	6	1.2539719561711721e-06
630	7	1.4629672821997008e-06
631	3	6.269859780855861e-07
632	1	2.089953260285287e-07
633	9	1.8809579342567583e-06
634	4	8.359813041141148e-07
635	6	1.2539719561711721e-06
636	6	1.2539719561711721e-06
637	4	8.359813041141148e-07
638	4	8.359813041141148e-07
639	1	2.089953260285287e-07
640	9	1.8809579342567583e-06
641	2	4.179906520570574e-07
642	2	4.179906520570574e-07
643	9	1.8809579342567583e-06
644	3	6.269859780855861e-07
645	3	6.269859780855861e-07
646	12	2.5079439123423442e-06
647	4	8.359813041141148e-07
648	1	2.089953260285287e-07
649	5	1.0449766301426434e-06
650	3	6.269859780855861e-07
651	3	6.269859780855861e-07
652	6	1.2539719561711721e-06
653	8	1.6719626082282296e-06
654	3	6.269859780855861e-07
655	1	2.089953260285287e-07
656	5	1.0449766301426434e-06
657	2	4.179906520570574e-07
658	4	8.359813041141148e-07
659	3	6.269859780855861e-07
660	4	8.359813041141148e-07
661	1	2.089953260285287e-07
662	2	4.179906520570574e-07
663	4	8.359813041141148e-07
664	3	6.269859780855861e-07
665	3	6.269859780855861e-07
666	2	4.179906520570574e-07
667	4	8.359813041141148e-07
668	4	8.359813041141148e-07
669	2	4.179906520570574e-07
670	3	6.269859780855861e-07
671	3	6.269859780855861e-07
672	1	2.089953260285287e-07
673	5	1.0449766301426434e-06
674	4	8.359813041141148e-07
675	4	8.359813041141148e-07
676	2	4.179906520570574e-07
677	2	4.179906520570574e-07
678	4	8.359813041141148e-07
679	4	8.359813041141148e-07
680	6	1.2539719561711721e-06
681	2	4.179906520570574e-07
683	2	4.179906520570574e-07
684	1	2.089953260285287e-07
685	1	2.089953260285287e-07
686	2	4.179906520570574e-07
687	1	2.089953260285287e-07
688	1	2.089953260285287e-07
689	4	8.359813041141148e-07
690	5	1.0449766301426434e-06
692	2	4.179906520570574e-07
693	4	8.359813041141148e-07
695	3	6.269859780855861e-07
696	1	2.089953260285287e-07
698	1	2.089953260285287e-07
700	2	4.179906520570574e-07
701	2	4.179906520570574e-07
703	4	8.359813041141148e-07
704	2	4.179906520570574e-07
705	4	8.359813041141148e-07
706	2	4.179906520570574e-07
707	1	2.089953260285287e-07
710	3	6.269859780855861e-07
711	3	6.269859780855861e-07
712	2	4.179906520570574e-07
713	2	4.179906520570574e-07
714	1	2.089953260285287e-07
715	1	2.089953260285287e-07
716	1	2.089953260285287e-07
717	2	4.179906520570574e-07
718	2	4.179906520570574e-07
719	2	4.179906520570574e-07
720	2	4.179906520570574e-07
721	1	2.089953260285287e-07
723	1	2.089953260285287e-07
724	4	8.359813041141148e-07
725	2	4.179906520570574e-07
730	2	4.179906520570574e-07
731	2	4.179906520570574e-07
734	1	2.089953260285287e-07
736	2	4.179906520570574e-07
737	1	2.089953260285287e-07
738	2	4.179906520570574e-07
739	4	8.359813041141148e-07
741	2	4.179906520570574e-07
743	1	2.089953260285287e-07
744	4	8.359813041141148e-07
748	1	2.089953260285287e-07
749	7	1.4629672821997008e-06
750	1	2.089953260285287e-07
751	1	2.089953260285287e-07
757	1	2.089953260285287e-07
758	2	4.179906520570574e-07
759	3	6.269859780855861e-07
767	1	2.089953260285287e-07
769	2	4.179906520570574e-07
771	2	4.179906520570574e-07
773	1	2.089953260285287e-07
779	2	4.179906520570574e-07
780	2	4.179906520570574e-07
781	1	2.089953260285287e-07
782	1	2.089953260285287e-07
783	1	2.089953260285287e-07
789	1	2.089953260285287e-07
790	1	2.089953260285287e-07
791	1	2.089953260285287e-07
793	2	4.179906520570574e-07
794	1	2.089953260285287e-07
796	4	8.359813041141148e-07
797	1	2.089953260285287e-07
801	1	2.089953260285287e-07
802	1	2.089953260285287e-07
805	1	2.089953260285287e-07
806	1	2.089953260285287e-07
807	2	4.179906520570574e-07
813	1	2.089953260285287e-07
814	2	4.179906520570574e-07
815	2	4.179906520570574e-07
822	1	2.089953260285287e-07
823	1	2.089953260285287e-07
834	1	2.089953260285287e-07
836	1	2.089953260285287e-07
837	1	2.089953260285287e-07
840	1	2.089953260285287e-07
841	1	2.089953260285287e-07
850	1	2.089953260285287e-07
860	1	2.089953260285287e-07
861	1	2.089953260285287e-07
877	1	2.089953260285287e-07
884	1	2.089953260285287e-07
886	2	4.179906520570574e-07
889	1	2.089953260285287e-07
893	1	2.089953260285287e-07
895	2	4.179906520570574e-07
1022	1	2.089953260285287e-07
1024	1	2.089953260285287e-07
1044	2	4.179906520570574e-07
