sample name :	CNTRL_003_s3_SNV
date of analysis :	30/09/2021
produced from code:	Watson_code_SSCS_calling: version 2.1
produced from function:	SSCS_calling_BAM
minimum family size required for SSCS consensus calling set to :	3
minimum proportion of identical nucleotides required at each base set to :	0.9
maximum proportion of Ns allowed :	1.0
minimum base quality set to:	20

total number of reads included in SSCS consensus calling:	92037216
total number of reads excluded due to non-common CIGAR:	704366
total number of SSCS consensus reads (read 1 and read 2 separate):	3886221
total number of unpaired SSCS reads:	37375
total number of SSCS pairs:	1924423

UMI_family_size	count (read 1 and read 2 separate)	fraction	
1	1921026	0.3009362578323045
2	576251	0.09027197940690199
3	537420	0.08418895094821052
4	525452	0.08231411680555081
5	473172	0.07412424974520239
6	396508	0.06211453344232269
7	305232	0.04781579002609541
8	220683	0.03457085754550248
9	153473	0.02404214742449986
10	103472	0.016209294653182316
11	69220	0.01084358450492191
12	47713	0.00747442859698554
13	33616	0.0052660782536471384
14	25335	0.003968827122684146
15	20423	0.003199343056111242
16	17419	0.0027287546733781383
17	15646	0.002451007269055305
18	14252	0.0022326317013023267
19	13376	0.002095402865325563
20	13036	0.0020421405317272755
21	12715	0.0019918546226535983
22	11999	0.001879690414252499
23	11905	0.0018649649455517961
24	11685	0.0018305010826352574
25	11517	0.0018041832236808096
26	11178	0.00175107754400487
27	10949	0.0017152037957872
28	10925	0.0017114441016508504
29	11134	0.0017441847714215622
30	10870	0.0017028281359217157
31	10819	0.0016948387858819725
32	10541	0.0016512889954692553
33	10644	0.0016674243494710895
34	10145	0.0015892540422194853
35	10353	0.0016218380580678494
36	10233	0.0016030395873861008
37	9904	0.0015515004469336404
38	10179	0.001594580275579314
39	9829	0.0015397514027575476
40	9885	0.0015485240224090303
41	9728	0.0015239293566004094
42	9483	0.0014855491456251728
43	9620	0.0015070107329868358
44	9539	0.0014943217652766555
45	9456	0.0014813194897217794
46	9255	0.0014498320513298508
47	9308	0.0014581347092142898
48	8996	0.0014092586854417438
49	9053	0.0014181879590155742
50	9228	0.0014456023954264575
51	8854	0.0013870138284683413
52	8973	0.001405655645227742
53	8700	0.0013628891244267642
54	8599	0.0013470670782696258
55	8577	0.001343620691977972
56	8433	0.0013210625271598737
57	8402	0.0013162062555670889
58	8436	0.0013215324889269174
59	8165	0.0012790792759706355
60	8420	0.001319026026169351
61	8094	0.0012679568474839344
62	7962	0.001247278529734011
63	8056	0.001262003998434714
64	7699	0.0012060785481565123
65	7700	0.0012062352020788603
66	7710	0.0012078017413023393
67	7623	0.0011941728500580715
68	7625	0.0011944861579027675
69	7251	0.0011358975909446514
70	7333	0.0011487432125771794
71	7256	0.0011366808605563908
72	7167	0.0011227386614674274
73	7096	0.0011116162329807262
74	7182	0.001125088470302646
75	7231	0.0011327645124976932
76	6878	0.0010774656779088832
77	6781	0.0010622702474411365
78	6556	0.001027023114912858
79	6540	0.0010245166521552916
80	6606	0.0010348558110302533
81	6289	0.0009851965176459678
82	6438	0.0010085379520758055
83	6445	0.001009634529532241
84	6254	0.0009797136303637912
85	6085	0.0009532391174869953
86	6106	0.0009565288498563013
87	5823	0.0009121957898318445
88	6048	0.0009474429223601229
89	6013	0.0009419600350779463
90	5849	0.00091626879181289
91	5707	0.0008940239348394877
92	5753	0.0009012300152674913
93	5501	0.0008617532268358195
94	5731	0.0008977836289758374
95	5340	0.0008365319453378069
96	5382	0.0008431114100764189
97	5322	0.0008337121747355447
98	5069	0.000794078732381525
99	5037	0.0007890658068663921
100	5008	0.0007845228431183029
101	4941	0.0007740270303209933
102	4869	0.0007627479479119442
103	4776	0.0007481791331335892
104	4555	0.0007135586162947023
105	4638	0.0007265608918495784
106	4551	0.0007129320006053107
107	4573	0.0007163783868969646
108	4528	0.000709328960391309
109	4339	0.0006797213690675552
110	4347	0.0006809746004463384
111	4205	0.000658729743472936
112	4253	0.0006662491317456354
113	4066	0.0006369548482665773
114	4154	0.000650740393433193
115	3896	0.0006103236814674337
116	3986	0.000624422534478745
117	3677	0.0005760164724732428
118	3702	0.0005799328205319404
119	3694	0.000578679589153157
120	3538	0.0005542415772668841
121	3548	0.0005558081164903631
122	3460	0.0005420225713237476
123	3496	0.0005476621125282722
124	3370	0.0005279237183124362
125	3380	0.0005294902575359153
126	3253	0.0005095952093977314
127	3215	0.0005036423603485111
128	3050	0.000477794463161107
129	3014	0.00047215492195658244
130	2950	0.00046212907092631656
131	2966	0.00046463553368388303
132	2904	0.000454922990498313
133	2821	0.00044192071494343697
134	2730	0.00042766520800977773
135	2767	0.00043346140313665015
136	2689	0.00042124239719351365
137	2679	0.0004196758579700346
138	2640	0.00041356635499846636
139	2594	0.00040636027457046275
140	2493	0.0003905382284133245
141	2458	0.00038505534113114783
142	2271	0.0003557610576520898
143	2333	0.00036547360083765985
144	2361	0.0003698599106634012
145	2289	0.0003585808282543521
146	2133	0.0003341428163680791
147	2128	0.00033335954675633956
148	2057	0.00032223711826963834
149	2111	0.00033069643007642516
150	2039	0.0003194173476673761
151	1918	0.00030046222306327975
152	1880	0.0002945093740140594
153	1856	0.00029074967987770966
154	1833	0.0002871466396637079
155	1834	0.0002873032935860558
156	1802	0.00028229036807092284
157	1663	0.00026051547286456425
158	1804	0.0002826036759156187
159	1659	0.0002598888571751726
160	1751	0.00027430101803117975
161	1508	0.00023623411490063912
162	1558	0.0002440668110180343
163	1488	0.00023310103645368105
164	1488	0.00023310103645368105
165	1338	0.00020960294810149546
166	1490	0.00023341434429837685
167	1284	0.00020114363629470864
168	1345	0.0002106995255579308
169	1307	0.00020474667650871044
170	1166	0.000182658473457656
171	1218	0.00019080447741974698
172	1181	0.00018500828229287453
173	1184	0.00018547824405991823
174	1161	0.00018187520384591645
175	1098	0.0001720060067379985
176	1027	0.00016088357825129733
177	1058	0.00016573984984408235
178	992	0.0001554006909691207
179	1043	0.0001633900410088638
180	1011	0.00015837711549373086
181	964	0.00015101438114337938
182	878	0.00013754214382145964
183	911	0.0001427117232589405
184	823	0.00012892617809232492
185	835	0.00013080602516049976
186	852	0.00013346914184041413
187	707	0.00011075432309996808
188	794	0.0001243832143442357
189	758	0.00011874367313971118
190	749	0.00011733378783858004
191	740	0.0001159239025374489
192	738	0.00011561059469275309
193	666	0.00010433151228370401
194	680	0.00010652466719657467
195	612	9.58722004769172e-05
196	642	0.00010057181814735432
197	620	9.712543185570043e-05
198	557	8.725623474778248e-05
199	577	9.038931319474056e-05
200	564	8.835281220421782e-05
201	514	8.052011608682262e-05
202	494	7.738703763986454e-05
203	539	8.443646414552021e-05
204	470	7.362734350351485e-05
205	444	6.955434152246934e-05
206	484	7.58204984163855e-05
207	439	6.877107191072982e-05
208	418	6.548133954142385e-05
209	455	7.127753466829628e-05
210	397	6.219160717211786e-05
211	413	6.469806992968433e-05
212	403	6.313153070620528e-05
213	381	5.96851444145514e-05
214	340	5.326233359828733e-05
215	338	5.2949025753591524e-05
216	366	5.7335335579332835e-05
217	367	5.749198950168074e-05
218	353	5.529883458881009e-05
219	327	5.1225832607764586e-05
220	307	4.8092754160806504e-05
221	295	4.621290709263166e-05
222	321	5.028590907367716e-05
223	258	4.041671196575921e-05
224	269	4.2139905111586155e-05
225	232	3.634370998471371e-05
226	259	4.057336588810712e-05
227	217	3.399390114949515e-05
228	280	4.38630982574131e-05
229	247	3.869351881993227e-05
230	220	3.446386291653886e-05
231	209	3.274066977071192e-05
232	208	3.2584015848364015e-05
233	185	2.8980975634362226e-05
234	180	2.8197706022622708e-05
235	191	2.992089916844965e-05
236	190	2.9764245246101745e-05
237	211	3.3053977615407725e-05
238	172	2.6944474643839475e-05
239	175	2.7414436410883185e-05
240	138	2.161824128401074e-05
241	139	2.1774895206358646e-05
242	153	2.39680501192293e-05
243	123	1.926843244879218e-05
244	165	2.5847897187404148e-05
245	153	2.39680501192293e-05
246	137	2.1461587361662837e-05
247	133	2.0834971672271223e-05
248	103	1.6135354001834103e-05
249	113	1.7701893225313144e-05
250	138	2.161824128401074e-05
251	108	1.6918623613573625e-05
252	95	1.4882122623050873e-05
253	114	1.785854714766105e-05
254	111	1.7388585380617335e-05
255	108	1.6918623613573625e-05
256	94	1.4725468700702968e-05
257	95	1.4882122623050873e-05
258	88	1.3785545166615545e-05
259	89	1.394219908896345e-05
260	68	1.0652466719657466e-05
261	89	1.394219908896345e-05
262	69	1.080912064200537e-05
263	56	8.77261965148262e-06
264	83	1.3002275554876026e-05
265	69	1.080912064200537e-05
266	74	1.159239025374489e-05
267	43	6.736118660959869e-06
268	68	1.0652466719657466e-05
269	70	1.0965774564353275e-05
270	67	1.0495812797309564e-05
271	62	9.712543185570043e-06
272	75	1.1749044176092794e-05
273	50	7.832696117395197e-06
274	49	7.676042195047292e-06
275	55	8.615965729134715e-06
276	53	8.302657884438908e-06
277	46	7.2060804280035805e-06
278	50	7.832696117395197e-06
279	37	5.796195126872445e-06
280	46	7.2060804280035805e-06
281	48	7.5193882726993885e-06
282	41	6.422810816264061e-06
283	29	4.5429637480892135e-06
284	32	5.012925515132926e-06
285	39	6.109502971568253e-06
286	41	6.422810816264061e-06
287	36	5.639541204524541e-06
288	33	5.1695794374808296e-06
289	30	4.699617670437118e-06
290	36	5.639541204524541e-06
291	30	4.699617670437118e-06
292	43	6.736118660959869e-06
293	30	4.699617670437118e-06
294	25	3.916348058697598e-06
295	27	4.229655903393406e-06
296	24	3.7596941363496943e-06
297	25	3.916348058697598e-06
298	28	4.38630982574131e-06
299	22	3.4463862916538862e-06
300	15	2.349808835218559e-06
301	10	1.5665392234790393e-06
302	17	2.6631166799143666e-06
303	16	2.506462757566463e-06
304	13	2.036500990522751e-06
305	26	4.073001981045502e-06
306	18	2.8197706022622706e-06
307	15	2.349808835218559e-06
308	16	2.506462757566463e-06
309	10	1.5665392234790393e-06
310	12	1.8798470681748471e-06
311	20	3.1330784469580786e-06
312	15	2.349808835218559e-06
313	17	2.6631166799143666e-06
314	7	1.0965774564353275e-06
315	13	2.036500990522751e-06
316	10	1.5665392234790393e-06
317	15	2.349808835218559e-06
318	11	1.7231931458269431e-06
319	13	2.036500990522751e-06
320	9	1.4098853011311353e-06
321	8	1.2532313787832315e-06
322	13	2.036500990522751e-06
323	7	1.0965774564353275e-06
324	11	1.7231931458269431e-06
325	9	1.4098853011311353e-06
326	10	1.5665392234790393e-06
327	14	2.193154912870655e-06
328	19	2.9764245246101746e-06
329	7	1.0965774564353275e-06
330	5	7.832696117395197e-07
331	11	1.7231931458269431e-06
332	6	9.399235340874236e-07
333	2	3.1330784469580787e-07
334	3	4.699617670437118e-07
335	14	2.193154912870655e-06
336	11	1.7231931458269431e-06
337	3	4.699617670437118e-07
338	8	1.2532313787832315e-06
339	6	9.399235340874236e-07
340	8	1.2532313787832315e-06
341	6	9.399235340874236e-07
342	3	4.699617670437118e-07
343	9	1.4098853011311353e-06
344	4	6.266156893916157e-07
345	4	6.266156893916157e-07
346	4	6.266156893916157e-07
347	6	9.399235340874236e-07
348	5	7.832696117395197e-07
349	6	9.399235340874236e-07
350	1	1.5665392234790394e-07
351	4	6.266156893916157e-07
352	4	6.266156893916157e-07
353	4	6.266156893916157e-07
354	3	4.699617670437118e-07
355	1	1.5665392234790394e-07
356	2	3.1330784469580787e-07
358	1	1.5665392234790394e-07
359	1	1.5665392234790394e-07
360	6	9.399235340874236e-07
361	8	1.2532313787832315e-06
362	10	1.5665392234790393e-06
363	4	6.266156893916157e-07
364	7	1.0965774564353275e-06
365	4	6.266156893916157e-07
366	1	1.5665392234790394e-07
367	4	6.266156893916157e-07
368	3	4.699617670437118e-07
369	2	3.1330784469580787e-07
370	4	6.266156893916157e-07
371	2	3.1330784469580787e-07
372	2	3.1330784469580787e-07
373	1	1.5665392234790394e-07
374	1	1.5665392234790394e-07
375	1	1.5665392234790394e-07
377	1	1.5665392234790394e-07
379	1	1.5665392234790394e-07
380	5	7.832696117395197e-07
381	2	3.1330784469580787e-07
383	1	1.5665392234790394e-07
385	2	3.1330784469580787e-07
401	1	1.5665392234790394e-07
406	1	1.5665392234790394e-07
408	1	1.5665392234790394e-07
409	1	1.5665392234790394e-07
412	3	4.699617670437118e-07
413	1	1.5665392234790394e-07
420	2	3.1330784469580787e-07
424	1	1.5665392234790394e-07
431	1	1.5665392234790394e-07
432	1	1.5665392234790394e-07
433	1	1.5665392234790394e-07
435	2	3.1330784469580787e-07
464	1	1.5665392234790394e-07
468	1	1.5665392234790394e-07
