sample name :	CNTRL_163_s6_SNV
date of analysis :	27/07/2021
produced from code:	Watson_code_SSCS_calling: version 1.8
produced from function:	SSCS_calling_BAM_and_fastq
minimum family size required for SSCS consensus calling set to :	3
minimum proportion of identical nucleotides required at each base set to :	0.9
maximum proportion of Ns allowed :	1.0
minimum base quality set to:	20

total number of reads included in SSCS consensus calling:	92126090
total number of reads excluded due to non-common CIGAR:	627367
total number of SSCS consensus reads (read 1 and read 2 separate):	8011710
total number of unpaired SSCS reads:	56904
total number of SSCS pairs:	3977403

UMI_family_size	count (read 1 and read 2 separate)	fraction	
1	3627066	0.26444966561615396
2	2076749	0.15141593194573302
3	1633525	0.11910043545544191
4	1210449	0.08825393122027775
5	857820	0.06254372326250726
6	601315	0.043841923659502645
7	430963	0.03142154602175272
8	322510	0.023514229313132382
9	257595	0.01878127158821846
10	216464	0.01578240716268608
11	189232	0.013796919913747378
12	171796	0.01252565979063871
13	158171	0.011532259975465758
14	145878	0.010635976384425679
15	136119	0.009924446931488222
16	127031	0.009261840141008091
17	118284	0.008624095687186601
18	110018	0.008021420980968646
19	102478	0.0074716789915077984
20	95189	0.0069402374316695865
21	88397	0.006445032180685756
22	82368	0.006005457319351611
23	75912	0.005534749854635532
24	70243	0.005121422621445406
25	64653	0.004713855284431329
26	60190	0.004388457605523668
27	56070	0.004088068083431003
28	51368	0.0037452448958388397
29	47608	0.003471103001890194
30	43178	0.003148111355562401
31	40427	0.002947535730495187
32	36705	0.002676164419517299
33	33821	0.0024658917540524333
34	31225	0.002276617191102783
35	28322	0.002064959234152539
36	26546	0.0019354709353087104
37	24185	0.0017633302407308506
38	21923	0.0015984076438925962
39	20195	0.0014724190288013036
40	18694	0.0013629810014563787
41	16717	0.0012188377768988063
42	15577	0.0011357202877760786
43	14387	0.0010489572947444592
44	13119	0.0009565073156149692
45	11961	0.0008720774450850405
46	11112	0.0008101767887120617
47	9809	0.0007151749568463474
48	9100	0.0006634817114182651
49	8674	0.0006324220181145089
50	7770	0.0005665113074417494
51	6954	0.000507016683648639
52	6184	0.0004508759234517089
53	5998	0.00043731464891063227
54	5363	0.0003910167492677094
55	5134	0.000374320341364986
56	4712	0.0003435522883739412
57	4105	0.0002992958709199976
58	3829	0.00027917268934291614
59	3586	0.00026145554034570314
60	3134	0.00022850018500932337
61	2821	0.00020567933053966216
62	2692	0.00019627393045472193
63	2627	0.0001915347753731629
64	2165	0.00015785031925500483
65	2092	0.00015252788354802314
66	1978	0.00014421613463575037
67	1667	0.00012154110032244482
68	1562	0.00011388554211377253
69	1550	0.00011301062117563856
70	1311	9.558511249113686e-05
71	1309	9.543929233478121e-05
72	1240	9.040849694051084e-05
73	1053	7.677431232125639e-05
74	1026	7.480574021045494e-05
75	933	6.802510293991663e-05
76	873	6.365049824924675e-05
77	757	5.5192929180618315e-05
78	722	5.264107644439422e-05
79	673	4.906848261368048e-05
80	639	4.658953995563422e-05
81	631	4.600625933021157e-05
82	498	3.630921893256e-05
83	490	3.572593830713735e-05
84	455	3.3174085570913255e-05
85	420	3.062223283468916e-05
86	400	2.916403127113253e-05
87	335	2.4424876189573493e-05
88	354	2.581016767495229e-05
89	349	2.5445617284063133e-05
90	285	2.0779372280681927e-05
91	251	1.8300429622635662e-05
92	264	1.924826063894747e-05
93	233	1.69880482154347e-05
94	203	1.4800745870099759e-05
95	193	1.4071645088321446e-05
96	186	1.3561274541076626e-05
97	146	1.0644871413963373e-05
98	166	1.210307297752e-05
99	143	1.042614117942988e-05
100	136	9.91577063218506e-06
101	132	9.624130319473735e-06
102	99	7.2180977396053015e-06
103	107	7.801378365027952e-06
104	103	7.509738052316627e-06
105	83	6.05153648876e-06
106	101	7.363917895960964e-06
107	80	5.832806254226506e-06
108	69	5.030795394270361e-06
109	88	6.4160868796491565e-06
110	70	5.1037054724481925e-06
111	50	3.6455039088915664e-06
112	54	3.937144221602892e-06
113	41	2.9893132052910844e-06
114	60	4.37460469066988e-06
115	36	2.6247628144019276e-06
116	46	3.353863596180241e-06
117	48	3.499683752535904e-06
118	34	2.478942658046265e-06
119	36	2.6247628144019276e-06
120	31	2.260212423512771e-06
121	40	2.916403127113253e-06
122	17	1.2394713290231325e-06
123	25	1.8227519544457832e-06
124	11	8.020108599561446e-07
125	21	1.5311116417344578e-06
126	20	1.4582015635566266e-06
127	18	1.3123814072009638e-06
128	16	1.1665612508453012e-06
129	25	1.8227519544457832e-06
130	24	1.749841876267952e-06
131	18	1.3123814072009638e-06
132	8	5.832806254226506e-07
133	14	1.0207410944896386e-06
134	6	4.37460469066988e-07
135	10	7.291007817783133e-07
136	13	9.478310163118072e-07
137	17	1.2394713290231325e-06
138	12	8.74920938133976e-07
139	7	5.103705472448193e-07
140	9	6.561907036004819e-07
141	7	5.103705472448193e-07
142	10	7.291007817783133e-07
143	7	5.103705472448193e-07
144	1	7.291007817783133e-08
145	2	1.4582015635566265e-07
146	6	4.37460469066988e-07
147	5	3.6455039088915664e-07
148	1	7.291007817783133e-08
149	5	3.6455039088915664e-07
150	3	2.18730234533494e-07
151	5	3.6455039088915664e-07
152	3	2.18730234533494e-07
153	5	3.6455039088915664e-07
154	5	3.6455039088915664e-07
155	3	2.18730234533494e-07
156	2	1.4582015635566265e-07
157	2	1.4582015635566265e-07
158	1	7.291007817783133e-08
159	1	7.291007817783133e-08
160	1	7.291007817783133e-08
162	2	1.4582015635566265e-07
163	4	2.916403127113253e-07
165	1	7.291007817783133e-08
168	2	1.4582015635566265e-07
169	3	2.18730234533494e-07
170	1	7.291007817783133e-08
171	1	7.291007817783133e-08
197	2	1.4582015635566265e-07
