sample name :	CNTRL_167_s2_SNV
date of analysis :	27/07/2021
produced from code:	Watson_code_SSCS_calling: version 1.8
produced from function:	SSCS_calling_BAM_and_fastq
minimum family size required for SSCS consensus calling set to :	3
minimum proportion of identical nucleotides required at each base set to :	0.9
maximum proportion of Ns allowed :	1.0
minimum base quality set to:	20

total number of reads included in SSCS consensus calling:	94621870
total number of reads excluded due to non-common CIGAR:	667996
total number of SSCS consensus reads (read 1 and read 2 separate):	7332510
total number of unpaired SSCS reads:	54972
total number of SSCS pairs:	3638769

UMI_family_size	count (read 1 and read 2 separate)	fraction	
1	3149807	0.2588769198235354
2	1684882	0.13847739319460461
3	1387099	0.11400314895811271
4	1086765	0.08931924266217722
5	802842	0.06598412666711541
6	572778	0.04707558411759354
7	406247	0.033388703513438055
8	292986	0.024079987513970964
9	220825	0.01814920591008662
10	176421	0.014499721751900334
11	148686	0.012220232446268036
12	131752	0.0108284577247401
13	120677	0.00991822357799852
14	111544	0.009167598886152845
15	105856	0.008700112490968546
16	100298	0.008243310559809204
17	94515	0.007768016287068207
18	90454	0.0074342500685654934
19	86075	0.007074348007294037
20	81730	0.006717240344306031
21	77582	0.006376323753725077
22	73806	0.006065981167892463
23	69160	0.0056841348612774395
24	65933	0.005418913588904069
25	62734	0.005155993585705305
26	59104	0.004857650474854566
27	55976	0.004600565832777125
28	53048	0.004359918827661157
29	49874	0.004099053529082576
30	47206	0.0038797754520165243
31	44016	0.003617595142481026
32	41856	0.0034400686632971153
33	39509	0.003247172993554227
34	37248	0.0030613455077047724
35	34285	0.002817821916120547
36	32698	0.002687389266831257
37	31287	0.002571421738068063
38	28903	0.0023754851054873026
39	26822	0.0022044514929031736
40	24614	0.002022979980848509
41	23669	0.0019453121462055481
42	22314	0.0018339471557915672
43	21033	0.001728664091053331
44	19559	0.0016075187066472735
45	17918	0.0014726478953783857
46	17076	0.0014034454437705836
47	16067	0.0013205175652999512
48	14672	0.0012058650474936754
49	13969	0.001148086753574097
50	12738	0.0010469130980762294
51	12113	0.0009955454825716255
52	11260	0.0009254389609309422
53	10484	0.0008616609295204262
54	9639	0.0007922119133582018
55	9256	0.0007607338385769806
56	8539	0.0007018049100700991
57	8037	0.0006605464412968013
58	7399	0.0006081103793897018
59	6703	0.0005509074027637749
60	6721	0.0005523867900903075
61	5904	0.00048523904310268943
62	5649	0.0004642810559768111
63	5025	0.00041299562865701467
64	4915	0.0004039549283282044
65	4500	0.00036984683163314745
66	4217	0.00034658757533266284
67	3997	0.0003285061746750423
68	3518	0.00028913803415231393
69	3402	0.0002796042047146595
70	3252	0.00026727597699355456
71	2986	0.0002454139198347952
72	2731	0.0002244559327089168
73	2538	0.00020859361304109516
74	2410	0.0001980735253857523
75	2148	0.00017654022096622238
76	2045	0.00016807483793106366
77	1927	0.00015837663212379447
78	1865	0.00015328096466573778
79	1733	0.00014243212427116544
80	1635	0.00013437768216004357
81	1452	0.00011933724434029558
82	1338	0.00010996779127225585
83	1375	0.00011300875411012839
84	1214	9.977645635614244e-05
85	1076	8.843448685272593e-05
86	1082	8.892761596157012e-05
87	1079	8.868105140714802e-05
88	863	7.092840348875694e-05
89	854	7.018870982549065e-05
90	811	6.66546178787739e-05
91	679	5.5805777484201584e-05
92	689	5.6627659332275244e-05
93	682	5.605234203862368e-05
94	641	5.268262646152167e-05
95	551	4.528568982885872e-05
96	551	4.528568982885872e-05
97	485	3.986126963157256e-05
98	448	3.682030679370001e-05
99	443	3.640936586966318e-05
100	457	3.7560000456966306e-05
101	374	3.073838111795492e-05
102	383	3.147807478122121e-05
103	381	3.1313698411606485e-05
104	356	2.925899379142233e-05
105	300	2.465645544220983e-05
106	307	2.5231772735861392e-05
107	240	1.9725164353767864e-05
108	237	1.9478599799345766e-05
109	257	2.1122363495493086e-05
110	227	1.8656717951272105e-05
111	200	1.643763696147322e-05
112	236	1.9396411614538398e-05
113	202	1.660201333108795e-05
114	196	1.6108884222243756e-05
115	165	1.3561050493215406e-05
116	153	1.2574792275527014e-05
117	148	1.2163851351490182e-05
118	144	1.1835098612260718e-05
119	146	1.199947498187545e-05
120	127	1.0437899470535494e-05
121	126	1.0355711285728128e-05
122	127	1.0437899470535494e-05
123	96	7.890065741507145e-06
124	122	1.0026958546498664e-05
125	90	7.396936632662949e-06
126	82	6.73943115420402e-06
127	95	7.80787755669978e-06
128	60	4.931291088441966e-06
129	88	7.232560263048217e-06
130	86	7.068183893433485e-06
131	65	5.342232012478796e-06
132	65	5.342232012478796e-06
133	62	5.095667458056698e-06
134	70	5.7531729365156266e-06
135	53	4.355973794790404e-06
136	48	3.9450328707535725e-06
137	46	3.7806565011388407e-06
138	30	2.465645544220983e-06
139	40	3.287527392294644e-06
140	51	4.191597425175671e-06
141	37	3.0409628378725455e-06
142	39	3.205339207487278e-06
143	28	2.301269174606251e-06
144	34	2.7943982834504476e-06
145	27	2.2190809897988847e-06
146	32	2.6300219138357153e-06
147	25	2.0547046201841524e-06
148	17	1.3971991417252238e-06
149	21	1.725951880954688e-06
150	33	2.7122100986430814e-06
151	26	2.1368928049915185e-06
152	15	1.2328227721104915e-06
153	14	1.1506345873031254e-06
154	31	2.547833729028349e-06
155	14	1.1506345873031254e-06
156	19	1.5615755113399558e-06
157	16	1.3150109569178577e-06
158	15	1.2328227721104915e-06
159	23	1.8903282505694204e-06
160	10	8.21881848073661e-07
161	15	1.2328227721104915e-06
162	10	8.21881848073661e-07
163	8	6.575054784589288e-07
164	14	1.1506345873031254e-06
165	8	6.575054784589288e-07
166	18	1.4793873265325897e-06
167	18	1.4793873265325897e-06
168	2	1.643763696147322e-07
169	3	2.465645544220983e-07
170	4	3.287527392294644e-07
171	6	4.931291088441966e-07
172	5	4.109409240368305e-07
173	9	7.396936632662949e-07
174	4	3.287527392294644e-07
175	3	2.465645544220983e-07
176	7	5.753172936515627e-07
177	3	2.465645544220983e-07
178	3	2.465645544220983e-07
179	1	8.21881848073661e-08
180	5	4.109409240368305e-07
181	5	4.109409240368305e-07
182	5	4.109409240368305e-07
183	3	2.465645544220983e-07
184	5	4.109409240368305e-07
185	4	3.287527392294644e-07
186	3	2.465645544220983e-07
188	2	1.643763696147322e-07
189	3	2.465645544220983e-07
191	1	8.21881848073661e-08
193	1	8.21881848073661e-08
196	1	8.21881848073661e-08
197	3	2.465645544220983e-07
198	1	8.21881848073661e-08
199	1	8.21881848073661e-08
201	3	2.465645544220983e-07
204	1	8.21881848073661e-08
207	1	8.21881848073661e-08
208	1	8.21881848073661e-08
209	3	2.465645544220983e-07
212	1	8.21881848073661e-08
213	1	8.21881848073661e-08
216	1	8.21881848073661e-08
217	2	1.643763696147322e-07
218	1	8.21881848073661e-08
219	2	1.643763696147322e-07
220	1	8.21881848073661e-08
223	1	8.21881848073661e-08
225	1	8.21881848073661e-08
227	1	8.21881848073661e-08
229	1	8.21881848073661e-08
231	2	1.643763696147322e-07
235	1	8.21881848073661e-08
